ncols         210
nrows         204
xllcorner     -10.883333
yllcorner     6.091667
cellsize      0.002778
NODATA_value  -9999
1 1 1 0 0 1 3 4 3 2 0 4 8 11 8 4 0 0 0 0 0 0 0 0 0 0 0 0 0 1 2 3 2 1 0 0 0 0 1 1 2 2 2 2 2 2 2 5 8 12 9 5 2 2 3 3 3 3 3 12 20 29 19 10 1 2 3 4 3 1 0 0 0 0 1 2 4 2 1 0 10 19 29 19 10 0 0 0 0 0 0 1 1 2 2 1 1 0 0 1 1 5 10 15 10 5 0 1 2 3 3 3 4 4 4 4 4 4 4 3 2 0 1 2 3 3 4 4 4 4 4 4 3 3 3 4 4 4 4 4 4 4 4 4 4 4 3 3 3 2 1 0 0 1 1 2 3 4 3 1 0 4 8 11 11 11 10 9 9 8 7 5 4 3 2 0 0 0 0 1 1 2 2 2 2 3 5 6 9 11 14 12 10 8 7 6 6 7 8 10 7 4 1 3 4 5 3 2 1 1 
1 1 1 0 0 1 3 4 3 2 0 4 8 11 8 4 0 0 0 0 0 0 0 0 0 0 0 0 0 1 2 3 2 1 0 0 0 0 1 1 2 2 2 2 2 2 2 5 8 12 9 5 2 2 3 3 3 3 3 12 20 29 19 10 1 2 3 4 3 1 0 0 0 0 1 2 4 2 1 0 10 19 29 19 10 0 0 0 0 0 0 1 1 2 2 1 1 0 0 1 1 5 10 15 10 5 0 1 2 3 3 3 4 4 4 4 4 4 4 3 2 0 1 2 3 3 4 4 4 4 4 4 3 3 3 4 4 4 4 4 4 4 4 4 4 4 3 3 3 2 1 0 0 1 1 2 3 4 3 1 0 4 8 11 11 11 10 9 9 8 7 5 4 3 2 0 0 0 0 1 1 2 2 2 2 3 5 6 9 11 14 12 10 8 7 6 6 7 8 10 7 4 1 3 4 5 3 2 1 1 
25 25 17 9 1 6 11 15 10 5 0 3 6 9 7 6 4 3 2 0 0 0 0 0 0 0 2 4 5 4 3 2 2 1 0 0 1 1 1 2 2 2 2 2 2 2 2 4 6 9 6 4 1 2 2 2 3 3 3 9 14 19 13 7 1 3 5 7 5 3 1 1 0 0 1 2 4 2 1 0 7 14 20 14 7 0 2 3 5 4 3 1 2 3 4 3 1 0 1 1 2 5 8 11 8 5 2 2 3 3 3 3 4 4 4 4 3 3 3 2 1 0 1 2 2 3 3 4 7 11 14 10 7 3 4 4 4 4 4 4 4 4 4 4 4 4 3 3 3 2 1 1 1 1 1 2 2 3 2 2 1 5 8 11 11 11 10 10 9 9 8 7 5 4 3 2 1 1 1 2 3 3 3 2 2 3 4 5 7 8 10 9 8 6 6 6 5 6 7 7 7 6 6 5 4 4 3 2 1 1 
48 48 33 17 2 10 18 27 18 9 0 2 4 6 7 7 8 5 3 0 0 0 0 0 0 0 4 7 11 8 4 1 1 0 0 1 1 2 2 2 2 2 2 2 2 2 2 3 4 5 4 2 1 1 1 1 2 3 3 5 8 10 7 5 2 5 7 10 7 5 2 1 1 0 1 2 3 2 1 0 4 8 12 8 4 0 3 6 9 7 5 2 3 4 5 4 2 0 1 2 3 4 6 8 6 5 3 3 3 3 3 4 4 4 4 4 3 2 2 1 1 0 1 1 1 2 3 4 11 17 24 17 10 4 4 4 3 4 4 4 4 4 4 4 4 4 3 3 3 2 2 1 1 1 2 2 1 1 2 2 3 6 9 11 11 11 10 10 10 9 9 8 7 5 4 3 2 2 1 2 4 5 4 3 2 2 3 4 5 5 6 6 5 5 5 5 5 5 5 5 6 8 10 7 5 3 2 2 1 1 
72 72 49 26 3 8 27 38 31 13 0 0 0 3 6 10 12 9 4 0 0 0 0 0 0 0 5 12 16 13 6 0 0 0 0 1 1 2 2 2 2 2 2 2 2 2 2 2 2 2 1 1 0 0 0 0 1 3 3 3 1 0 0 1 3 6 10 12 11 7 3 2 1 0 1 2 3 3 1 1 1 2 3 2 0 0 4 10 14 12 7 3 4 6 7 5 2 0 0 2 3 4 4 4 5 5 5 5 4 4 3 3 4 4 4 4 3 1 0 0 0 0 0 0 1 0 0 4 13 27 34 29 15 4 2 2 3 3 4 4 4 4 4 4 4 4 3 3 3 3 2 1 2 2 2 1 0 0 1 2 4 6 9 11 12 11 10 10 10 10 10 9 8 7 6 4 3 2 1 2 5 6 6 3 1 1 2 2 2 2 2 2 3 3 4 5 5 4 2 2 5 11 14 12 7 2 2 1 1 1 
48 48 33 18 3 8 24 34 27 12 0 0 0 3 5 8 9 7 3 0 0 2 3 2 0 0 5 13 17 14 6 0 0 0 0 0 1 2 2 1 2 4 7 8 7 4 2 1 1 1 1 0 0 1 2 3 4 4 3 2 0 0 0 0 3 9 17 22 21 16 11 7 4 1 1 2 2 2 1 1 0 0 1 0 0 1 4 8 11 10 6 3 4 5 6 4 0 0 5 15 21 17 9 3 2 4 5 5 4 3 2 3 3 3 3 3 2 1 0 0 0 0 0 0 0 1 3 6 13 24 29 24 13 4 3 4 6 5 4 4 6 10 12 11 7 4 3 3 3 3 3 2 2 2 2 1 1 1 1 2 4 6 9 11 10 9 7 8 10 11 11 10 9 8 7 6 5 4 3 4 5 5 6 6 6 5 4 3 2 1 1 1 2 3 3 4 4 3 1 1 4 10 13 11 6 3 3 2 2 2 
24 24 17 10 3 7 17 22 18 7 0 0 1 3 4 4 4 2 0 0 2 6 9 7 2 0 4 11 15 12 5 0 0 0 0 0 0 1 0 0 1 6 14 18 15 8 2 1 1 1 1 0 0 2 6 9 8 5 2 1 1 1 1 0 3 12 27 36 35 29 22 16 8 2 0 0 1 0 1 1 0 0 0 0 1 2 3 4 5 5 4 3 3 3 3 0 0 0 13 36 48 39 18 2 0 2 5 4 2 1 1 1 1 1 1 1 1 0 0 0 0 0 0 0 0 3 7 11 13 15 15 12 7 4 5 8 10 8 5 4 10 21 27 22 12 4 2 3 4 4 4 4 3 2 1 1 2 2 2 2 3 5 8 10 8 5 3 5 8 11 11 10 9 9 8 7 7 8 7 6 4 3 6 10 12 11 8 5 3 1 0 0 2 3 3 3 3 2 1 1 3 7 9 8 5 4 3 3 2 2 
0 0 1 1 2 5 10 12 9 4 0 0 2 3 3 1 0 0 0 0 3 8 11 9 3 0 3 9 12 10 4 0 0 0 0 0 0 0 0 0 2 8 18 23 19 10 2 1 1 2 1 0 0 3 9 12 11 6 3 2 3 3 2 1 4 14 31 42 42 36 28 21 11 4 1 0 0 0 0 1 0 0 0 1 2 3 2 1 0 1 2 3 3 1 0 0 0 0 18 47 62 50 22 1 0 1 5 4 2 0 0 0 1 1 0 0 0 0 0 0 0 0 0 0 0 4 10 13 12 7 4 3 3 4 7 11 13 10 5 4 12 27 34 28 14 4 1 2 4 7 11 13 10 5 2 1 2 3 3 2 3 5 8 9 7 3 1 3 8 11 12 11 10 10 9 9 9 10 10 8 3 2 5 12 16 14 10 6 4 2 1 1 2 3 3 2 2 1 1 2 3 5 6 6 5 4 4 3 3 3 
1 1 1 2 2 4 7 8 6 3 1 1 2 3 2 1 0 0 0 1 3 7 9 7 3 1 2 6 8 7 3 1 1 2 3 2 1 0 1 4 8 12 17 19 15 8 2 1 1 2 1 0 1 3 8 11 10 7 4 4 3 3 2 0 2 11 26 35 36 31 25 19 11 5 2 2 2 1 1 0 0 0 0 0 2 2 2 0 0 1 2 3 3 1 0 0 0 1 15 38 50 40 18 0 0 2 5 4 3 1 1 1 1 1 0 0 0 0 0 0 0 0 0 0 0 3 8 10 9 5 2 1 2 4 6 10 11 9 4 3 10 22 29 24 13 4 1 1 4 13 27 34 28 14 3 1 2 4 3 2 2 4 7 8 8 6 5 7 10 12 12 12 12 11 10 10 10 11 11 8 4 2 5 10 13 12 8 5 5 5 5 4 3 3 2 1 1 1 2 3 3 3 4 6 9 11 8 5 3 3 
2 2 2 2 2 3 4 5 5 4 3 2 1 1 1 2 2 2 2 2 3 3 4 3 2 1 2 2 3 2 1 1 4 7 9 7 2 1 4 12 16 16 13 9 7 4 2 1 2 2 2 1 2 3 5 7 7 8 7 6 4 3 1 0 0 5 14 19 20 17 14 12 8 6 5 5 5 3 2 0 0 0 0 0 0 1 1 1 2 2 3 3 2 1 0 0 0 2 8 17 21 17 7 0 0 2 5 5 4 3 3 4 3 1 0 0 0 0 0 0 0 0 0 0 0 1 3 4 4 3 3 3 3 4 5 7 7 5 2 1 5 11 15 13 8 4 1 0 4 22 51 66 55 27 6 1 2 4 3 2 2 3 5 8 10 12 14 14 13 12 12 13 13 13 12 11 11 11 11 9 6 3 4 5 6 5 4 4 6 10 12 10 5 2 0 0 0 2 4 5 4 2 1 6 15 17 12 7 3 3 
3 3 2 2 2 2 3 3 4 4 3 2 1 0 1 3 5 5 4 3 2 1 0 0 1 2 2 1 0 0 1 2 5 10 12 10 4 2 7 16 21 18 9 2 1 1 2 2 2 2 2 2 3 3 3 4 7 10 12 10 6 3 3 3 4 5 6 6 6 6 6 6 6 6 6 6 6 5 2 1 0 0 0 0 0 0 1 2 3 3 3 3 2 1 0 1 2 2 2 1 0 0 0 0 1 3 4 5 5 5 5 5 4 3 2 0 0 0 0 0 0 0 0 0 0 1 2 3 3 4 4 4 4 4 4 4 4 3 1 0 1 3 4 4 4 4 1 0 4 26 62 81 68 34 8 1 2 4 3 2 2 3 4 7 10 15 18 17 14 11 12 13 14 13 13 12 12 11 11 9 6 4 3 1 0 0 1 3 7 13 15 13 6 1 0 0 1 3 6 7 5 2 1 7 18 23 16 9 2 2 
4 4 3 2 2 2 2 2 3 3 3 2 0 0 2 5 7 7 5 3 2 1 1 1 2 2 2 2 2 2 1 2 5 8 10 9 6 5 8 15 18 14 7 1 0 2 3 3 3 3 3 3 4 3 3 4 9 17 22 18 9 4 7 14 18 15 8 2 1 2 3 3 4 4 5 5 5 4 3 2 1 0 0 0 0 1 1 3 3 4 3 3 2 1 0 0 2 2 0 0 0 0 0 0 1 2 3 4 5 5 5 4 5 8 13 15 12 5 0 0 0 1 1 0 1 4 9 11 10 6 3 2 2 3 3 3 3 3 2 1 0 0 1 1 2 3 1 0 3 21 50 65 55 29 8 2 2 3 2 3 3 3 4 5 9 14 17 15 12 9 9 11 12 12 12 12 12 12 11 9 6 3 2 0 0 0 0 2 5 10 12 10 5 1 1 2 3 5 7 8 7 5 4 8 16 16 12 9 5 5 
5 5 4 3 2 2 2 2 2 1 1 0 0 0 2 7 10 9 6 3 3 3 3 3 2 2 3 6 7 6 3 2 3 4 6 7 9 9 10 10 10 8 5 3 3 3 4 4 4 4 4 5 5 4 3 5 14 28 35 29 13 5 13 31 40 32 15 1 0 0 1 1 1 1 2 2 2 3 4 4 3 0 0 0 0 2 3 3 3 3 3 3 2 1 0 0 0 1 0 0 0 0 0 0 0 0 1 2 4 5 4 3 5 15 31 38 31 13 0 0 0 2 2 1 3 10 21 26 22 10 1 0 0 1 2 3 3 3 3 2 2 1 0 0 1 1 0 0 1 9 21 28 25 15 7 3 1 0 1 3 5 5 4 4 6 9 11 10 7 5 6 7 9 10 11 12 13 13 11 9 4 1 0 0 0 0 0 0 2 4 5 4 2 1 3 5 8 8 9 9 9 10 10 10 10 9 8 8 7 7 
6 6 4 3 2 2 2 2 2 1 0 0 0 0 3 8 11 10 6 3 3 4 5 4 2 2 5 9 12 10 6 2 1 2 3 5 10 12 10 6 3 3 3 4 4 4 5 5 5 5 5 5 6 5 3 6 17 34 42 34 16 6 17 39 51 41 18 1 0 0 0 0 0 0 0 0 0 2 4 6 5 2 0 0 2 3 3 3 3 3 3 3 2 1 0 0 0 0 1 2 3 2 1 0 0 0 0 1 3 4 3 2 5 18 40 51 41 18 0 0 1 4 3 2 4 13 27 35 28 12 0 0 0 0 1 3 4 4 4 4 3 1 0 0 0 0 0 0 0 0 0 0 2 5 6 5 2 0 1 4 6 5 3 2 3 5 6 5 4 3 3 4 6 8 10 12 13 14 14 11 5 1 0 1 1 1 1 1 1 1 1 1 1 2 4 7 10 10 9 9 10 13 14 11 5 2 4 7 10 10 
4 4 3 2 1 2 3 3 2 1 0 1 2 4 5 8 9 7 4 2 2 4 5 4 2 2 6 13 17 14 8 3 2 2 3 5 9 10 9 5 2 1 3 4 4 4 4 4 4 4 4 5 5 4 3 6 15 30 37 30 14 5 13 32 41 33 14 0 0 0 0 1 2 3 2 0 0 0 3 5 7 8 8 7 5 3 3 3 3 3 3 2 2 1 1 0 0 0 1 2 3 2 1 0 0 0 0 0 2 3 2 1 4 15 33 42 35 16 2 0 2 4 3 2 3 11 23 29 23 10 0 0 0 0 1 3 4 4 4 4 3 1 0 0 0 0 0 0 0 0 0 0 0 4 8 7 6 4 4 5 6 5 3 1 2 3 4 3 2 1 2 3 5 6 7 9 13 18 20 17 10 5 2 1 1 2 3 4 4 5 5 4 2 2 3 7 9 9 7 7 8 11 12 9 3 2 5 8 11 11 
2 2 2 1 0 1 3 5 4 2 2 3 7 9 8 6 4 3 1 1 1 2 3 3 2 3 8 17 22 19 11 5 3 3 4 5 6 6 5 3 2 2 2 3 3 3 3 3 3 3 3 4 4 4 3 5 10 19 24 19 9 3 6 14 18 14 6 0 0 0 0 2 7 9 6 1 0 0 0 4 10 18 22 18 10 3 2 2 3 3 2 2 2 2 2 1 1 1 1 3 3 3 1 0 0 0 0 0 1 1 1 0 1 7 16 21 17 10 3 3 4 5 4 2 2 6 12 15 12 5 0 0 0 0 1 3 4 4 4 4 3 2 1 1 1 1 0 0 0 0 1 3 5 8 10 11 12 11 10 7 5 3 2 1 1 2 3 2 1 1 2 3 5 4 4 5 12 23 29 26 18 10 7 3 2 3 6 9 11 13 13 10 5 2 2 4 6 5 4 3 4 6 7 6 3 3 6 9 12 12 
0 0 0 0 0 2 4 5 5 3 3 5 9 11 9 4 0 0 0 0 0 1 2 2 1 3 9 19 24 21 12 5 4 4 5 4 3 3 2 2 2 2 2 2 2 2 2 2 2 2 2 3 3 3 3 4 6 10 12 11 7 4 3 1 0 0 0 0 0 0 0 4 9 12 10 4 0 0 0 3 11 23 29 24 12 3 1 2 3 2 2 2 2 2 3 3 3 3 3 3 3 3 1 0 0 0 0 0 0 0 0 0 0 1 2 4 4 4 4 5 5 5 5 4 4 4 4 4 3 1 0 0 0 0 1 3 4 4 4 4 3 2 2 1 2 2 1 0 0 2 6 8 9 10 11 12 15 15 13 8 4 2 1 1 1 2 3 3 2 1 2 3 4 4 4 7 14 26 33 30 21 14 9 5 3 4 8 12 15 18 18 14 7 2 1 2 3 3 1 0 1 2 3 3 3 3 7 10 14 14 
0 0 1 3 4 4 4 4 4 3 3 5 8 9 7 3 0 0 0 0 0 1 2 2 1 3 9 18 22 19 11 5 3 4 4 3 2 1 1 1 2 1 1 1 1 1 1 2 2 2 2 3 3 3 3 3 4 6 8 10 12 12 9 2 0 0 0 1 1 0 1 3 8 10 11 10 8 6 3 3 8 18 23 20 10 3 1 1 2 2 2 2 2 2 3 5 8 9 8 5 3 2 1 1 0 1 1 1 1 1 1 0 0 0 0 0 1 2 3 4 4 5 8 11 13 11 6 2 1 0 0 0 0 0 1 3 4 4 4 4 3 2 2 1 1 2 2 3 4 5 6 7 7 8 8 10 13 13 11 6 2 1 1 1 2 4 6 5 3 2 1 1 3 7 14 19 23 27 28 25 18 11 9 7 6 7 8 10 12 14 15 12 7 3 2 2 2 2 1 0 0 1 2 2 3 4 7 10 12 12 
0 0 3 5 9 8 5 2 2 2 3 3 4 4 3 1 0 0 0 0 0 1 2 2 2 3 7 13 17 14 9 4 2 2 1 1 1 1 0 1 1 0 0 0 0 0 1 1 1 2 2 2 3 3 3 3 3 3 6 12 21 26 20 8 0 0 0 1 1 1 2 3 4 6 11 18 21 18 9 3 4 8 10 9 6 3 2 1 1 1 3 3 3 2 3 8 15 19 16 9 3 1 1 1 1 1 2 2 3 3 2 1 0 0 1 1 1 1 1 1 2 5 12 22 27 23 12 3 1 0 0 0 0 0 1 3 4 4 4 4 3 2 2 1 1 2 4 8 10 8 5 2 2 3 4 5 7 8 6 3 0 0 1 3 5 9 10 9 6 3 1 0 2 12 29 40 37 27 18 13 8 6 7 10 11 10 7 5 5 6 7 7 6 5 4 3 2 1 1 0 0 1 1 2 3 4 7 9 11 11 
0 0 4 8 12 10 4 0 0 2 3 2 1 0 0 0 0 0 0 0 0 1 2 2 2 3 5 9 11 10 6 3 1 0 0 0 0 0 0 0 0 0 0 0 0 0 0 1 1 2 2 2 3 3 3 3 2 2 4 13 26 32 27 13 2 0 1 2 2 2 3 2 1 3 10 22 28 24 12 3 0 0 0 1 2 3 2 1 0 1 2 4 3 2 3 9 19 23 19 10 2 1 1 2 2 2 2 3 4 4 3 2 1 1 2 3 2 1 0 0 1 5 14 27 34 29 16 5 2 1 1 0 0 0 1 3 4 4 4 4 3 2 2 1 1 2 5 10 13 10 5 1 0 0 1 1 2 3 3 2 2 2 3 5 7 11 13 11 7 4 1 0 1 14 37 50 43 25 9 4 1 2 5 11 15 12 6 1 0 0 1 3 5 6 5 3 2 1 1 1 1 1 1 2 3 5 7 8 10 10 
1 1 3 6 10 8 3 0 0 2 2 2 1 0 0 0 1 0 0 0 0 1 2 2 2 2 3 5 7 6 4 2 1 0 0 0 0 0 0 0 0 0 0 0 0 0 0 0 1 2 2 2 2 2 2 2 1 1 3 10 21 27 22 11 3 1 1 2 2 3 3 2 1 2 8 18 23 19 10 2 0 0 0 0 2 3 2 1 0 0 2 3 3 2 3 8 15 19 15 7 1 1 4 6 5 4 3 3 3 3 3 1 1 1 1 2 2 3 3 3 2 4 10 22 27 23 13 5 2 2 2 1 1 1 2 3 4 4 4 4 3 2 2 1 1 2 4 8 10 9 6 3 2 1 0 0 0 1 4 7 9 9 8 8 8 9 10 8 6 3 1 0 0 11 30 41 34 18 5 1 0 0 4 11 15 12 6 0 0 0 0 2 5 6 6 3 2 1 1 1 1 1 1 2 3 5 6 7 9 9 
1 1 3 4 6 5 2 0 0 1 2 2 1 1 1 1 1 1 1 1 1 2 2 2 1 1 1 1 1 1 1 1 1 1 1 1 1 1 1 1 1 0 0 0 0 0 0 1 1 2 2 2 2 2 1 0 0 1 3 6 10 13 11 7 3 2 2 2 2 2 3 2 2 2 4 8 10 9 4 1 0 1 1 2 3 3 2 1 0 0 0 1 2 2 3 5 7 8 6 2 1 3 8 10 10 7 4 3 2 1 1 0 0 0 0 1 3 7 9 7 3 1 4 9 12 11 7 4 3 4 4 3 3 3 3 3 4 4 4 4 4 3 2 1 1 2 2 4 5 6 8 9 7 3 0 0 0 1 7 16 22 21 16 11 9 6 4 3 2 2 1 0 0 5 13 18 15 8 2 0 0 1 4 10 13 11 5 1 0 0 1 3 5 6 6 4 2 2 2 2 2 1 2 2 3 4 5 6 7 7 
2 2 2 2 3 2 1 0 0 2 3 3 2 2 2 2 2 1 1 1 2 2 2 1 1 0 0 0 0 0 0 0 0 1 1 1 1 1 1 1 1 1 1 2 2 2 2 2 2 2 2 3 3 3 3 3 3 3 3 3 2 2 3 3 3 3 2 2 2 2 2 2 2 2 2 1 1 0 0 0 1 2 3 3 3 3 2 1 0 0 0 0 1 3 4 3 2 0 0 0 0 4 9 13 12 8 5 3 1 0 0 0 0 0 0 0 4 9 12 10 4 0 0 0 0 1 3 4 5 5 5 5 4 4 4 4 4 4 4 4 4 2 2 1 2 2 1 0 0 4 10 13 11 5 1 0 0 1 8 21 28 27 20 13 8 3 0 0 0 1 0 0 0 0 0 1 1 1 1 1 1 2 5 9 11 9 5 2 1 2 3 4 5 6 5 4 4 3 2 2 2 2 2 2 3 4 5 5 6 6 
2 2 2 2 2 1 0 0 0 2 3 3 2 2 2 1 1 1 1 2 2 2 1 1 0 0 2 5 6 5 2 0 0 1 2 2 1 1 1 1 1 2 3 5 6 7 8 7 4 2 2 4 6 9 13 14 12 6 2 1 1 1 2 2 2 2 2 2 2 2 2 2 2 2 1 0 0 0 0 0 1 2 2 3 2 2 1 0 0 0 0 0 2 5 7 5 2 0 0 0 0 3 8 11 10 7 4 3 1 0 0 0 0 0 0 0 3 7 10 8 4 1 0 0 0 0 2 4 5 5 5 5 3 3 3 3 4 4 5 4 4 2 1 1 1 1 1 0 0 4 10 14 12 6 1 0 0 1 7 17 23 22 16 10 7 5 2 1 1 0 0 0 0 0 0 0 0 1 4 4 4 4 5 7 8 7 4 2 2 3 4 4 4 4 5 6 7 5 3 2 1 1 2 2 3 4 5 6 7 7 
2 2 2 2 2 1 0 0 0 2 3 3 3 2 2 1 1 1 1 2 2 1 1 0 0 1 6 14 17 14 7 1 0 1 2 2 1 1 1 0 1 3 6 9 12 16 17 13 7 2 3 6 10 18 28 33 26 12 1 0 2 4 4 2 1 1 2 2 2 1 1 1 2 2 2 0 0 0 0 0 0 0 1 1 1 1 1 0 0 0 0 0 3 8 11 9 4 1 0 0 0 1 4 6 6 5 3 2 1 1 0 0 0 0 0 0 1 3 4 4 3 3 2 1 1 2 4 5 5 5 5 4 2 1 1 3 4 4 5 4 3 1 0 0 1 1 0 0 0 4 11 14 12 6 1 0 0 1 3 8 11 10 7 5 5 7 8 6 3 0 0 0 0 0 0 0 1 6 9 10 9 8 7 6 4 3 2 1 2 5 6 5 3 2 5 9 11 9 4 0 0 1 2 2 3 5 6 7 8 8 
2 2 2 2 2 1 0 0 1 3 5 5 3 2 2 2 3 3 3 3 3 2 2 2 1 2 8 18 24 20 10 2 0 1 2 2 1 1 1 0 1 3 7 11 15 20 21 17 8 2 3 6 12 22 36 42 33 14 1 0 4 7 5 2 0 0 1 2 2 2 2 2 2 2 2 1 0 0 0 0 0 0 0 0 0 0 0 0 0 0 0 0 4 10 13 11 6 2 1 0 0 0 1 2 3 3 2 2 2 1 1 0 0 0 0 0 0 0 0 1 2 4 4 4 4 4 5 6 6 5 4 4 4 4 4 4 4 4 4 4 3 1 0 0 0 1 0 0 0 4 10 13 11 5 1 0 0 1 1 1 1 1 0 0 4 9 12 10 5 1 0 0 0 0 0 0 3 9 12 13 12 10 8 4 2 1 1 1 3 6 7 6 2 1 4 10 14 11 5 0 0 1 2 3 4 5 6 8 9 9 
2 2 2 2 2 2 1 1 3 8 11 9 5 2 4 7 9 9 7 5 6 7 7 6 2 2 6 15 20 17 9 2 1 1 1 1 1 1 1 0 1 3 6 9 12 16 17 13 7 2 2 5 10 17 28 32 26 12 1 0 4 7 5 3 1 1 1 2 4 7 8 7 5 2 1 1 0 0 0 0 0 0 0 0 0 0 0 0 0 0 0 0 3 8 11 9 5 2 0 0 0 0 1 1 2 2 2 2 2 1 1 1 1 0 0 0 0 0 0 0 2 3 3 3 4 5 6 7 5 3 3 7 14 18 15 9 4 3 3 3 3 2 2 1 1 0 0 0 1 4 8 10 8 4 1 0 0 0 0 0 0 0 0 0 3 9 12 10 4 0 0 0 0 0 0 0 3 7 10 11 10 8 6 4 2 1 2 3 4 6 7 6 2 1 4 9 12 10 5 1 0 0 0 0 4 7 9 10 11 11 
2 2 2 2 2 2 1 2 7 15 20 16 7 2 6 14 19 18 13 9 11 14 16 12 5 0 2 7 10 9 5 2 1 1 0 1 1 2 1 1 1 2 3 5 6 7 7 6 4 2 2 3 4 7 10 12 10 5 2 2 4 6 5 4 3 2 1 2 7 15 18 15 8 2 1 1 1 1 0 0 0 1 1 1 0 0 0 0 0 0 0 0 1 4 6 5 3 1 0 0 0 0 1 2 2 2 2 2 2 1 2 2 2 1 1 0 0 0 0 0 0 1 2 3 4 5 7 7 5 1 2 12 30 40 33 17 3 0 0 1 2 4 5 4 2 0 0 1 2 3 4 4 4 2 1 0 0 0 0 0 0 0 0 1 3 7 9 7 3 0 0 0 0 0 0 1 2 4 5 5 5 4 4 4 4 4 4 4 5 7 7 6 3 2 3 6 7 7 5 3 0 0 0 0 4 10 11 12 13 13 
2 2 2 3 3 2 1 3 9 19 24 19 8 2 7 18 25 23 16 11 13 19 21 16 7 0 0 1 2 3 3 2 2 1 0 0 1 2 2 1 1 1 1 1 1 0 0 0 2 2 2 1 0 0 0 0 1 2 3 4 4 5 5 5 4 3 1 2 8 18 24 20 10 2 0 1 2 1 0 0 0 1 2 2 1 0 0 0 0 0 0 0 1 2 2 2 1 0 0 0 0 0 1 2 2 2 2 2 2 2 2 3 3 2 1 1 0 0 0 0 0 0 1 2 3 5 7 8 5 0 1 15 38 51 42 20 3 0 0 0 2 5 7 5 2 0 1 2 3 3 1 1 0 0 1 1 1 1 1 1 2 2 1 2 3 6 7 5 3 1 0 0 1 1 1 1 1 1 1 1 1 2 3 4 5 6 6 6 6 7 7 6 4 3 3 3 4 4 4 4 4 5 6 7 10 13 14 14 15 15 
25 25 18 11 1 0 0 3 8 16 20 16 7 2 6 15 21 19 13 9 12 18 21 16 7 0 0 0 1 1 2 2 2 1 0 1 1 1 1 1 1 1 1 1 0 0 0 0 2 2 1 0 0 1 6 9 8 5 3 3 4 5 5 4 4 3 1 2 7 15 20 16 8 1 0 1 2 1 0 0 0 2 2 2 0 0 0 0 0 1 3 4 4 3 2 1 0 0 0 0 0 0 1 2 2 2 2 2 2 2 2 3 4 3 2 1 0 0 0 0 0 0 0 1 2 4 6 6 4 0 1 12 31 41 34 17 3 0 0 1 2 5 7 6 3 1 1 3 3 2 0 0 0 0 0 2 3 4 4 3 2 1 1 1 3 4 5 5 5 4 4 4 4 4 3 2 1 0 0 0 1 2 3 5 6 6 6 6 7 7 7 6 4 3 3 3 3 2 0 4 18 41 54 47 27 12 12 12 12 12 
49 49 34 19 0 0 0 2 4 8 9 7 3 1 3 7 10 9 6 5 8 14 17 14 7 2 0 1 2 2 2 2 2 1 1 1 1 1 1 1 1 1 2 2 1 1 0 1 2 3 0 0 0 6 22 30 26 13 3 1 3 5 4 3 2 2 1 2 4 8 10 8 4 1 0 1 2 1 0 0 0 1 2 1 0 0 0 0 0 3 8 10 9 5 2 1 0 0 0 0 0 0 1 2 2 2 2 2 2 2 3 4 4 4 2 1 1 0 0 0 0 0 0 0 1 2 4 4 3 1 1 6 14 18 15 8 3 2 2 3 4 5 6 5 4 3 3 3 3 1 0 0 0 0 0 3 7 10 8 4 1 1 1 1 2 3 4 6 8 10 11 11 10 8 5 2 1 1 1 2 3 4 5 6 6 6 6 6 7 7 7 6 4 3 2 3 3 0 0 3 40 99 131 109 54 10 10 9 9 9 
72 72 49 27 4 0 0 2 1 1 1 1 2 2 2 2 2 2 1 2 5 10 13 11 6 3 2 2 2 2 2 2 2 2 2 2 2 3 2 2 2 2 2 2 2 2 2 2 3 3 1 0 0 12 32 42 35 17 3 0 3 5 5 5 5 4 3 2 2 2 2 2 2 2 2 2 2 1 0 0 0 1 2 1 0 0 0 0 0 4 10 13 11 6 2 1 2 2 1 0 0 0 1 2 2 2 2 2 2 2 3 4 5 4 2 1 1 1 0 0 0 0 0 0 0 1 2 3 3 2 2 1 0 0 1 2 4 4 4 4 4 5 5 5 4 4 3 3 2 2 3 3 2 0 1 4 10 13 11 5 1 0 0 1 1 2 3 6 10 13 14 14 13 10 6 3 2 2 3 4 5 6 6 6 6 6 6 6 8 12 13 11 6 2 2 3 4 0 0 3 51 130 172 142 67 9 8 7 6 6 
49 49 41 34 24 16 7 2 0 0 0 1 3 5 4 2 0 0 0 1 3 7 10 9 5 3 2 2 2 3 5 5 5 3 2 4 7 8 8 6 5 4 2 2 1 1 2 1 1 2 3 6 10 18 30 35 29 14 3 0 2 5 8 13 15 13 7 3 1 0 1 2 6 8 6 4 1 0 0 0 0 0 1 2 3 4 3 1 0 3 8 11 9 5 2 3 6 7 6 3 1 0 1 2 2 2 2 2 2 2 2 3 4 3 2 1 1 1 1 0 0 0 0 0 0 1 1 2 2 2 1 0 0 0 0 2 4 5 4 4 4 5 5 5 4 3 3 2 2 6 11 14 11 5 1 3 9 12 10 5 1 0 0 0 1 1 2 5 8 11 12 12 11 9 5 3 3 5 6 6 5 4 4 5 5 5 4 6 13 24 29 24 12 3 1 3 5 0 0 4 44 109 143 119 56 8 7 6 5 5 
26 26 34 41 56 44 20 2 0 0 1 3 7 9 8 4 1 0 0 0 2 4 5 5 4 3 2 1 2 4 8 11 9 4 2 6 13 18 17 13 9 6 3 1 0 0 1 0 0 1 8 19 27 26 22 17 13 7 3 1 1 4 12 26 32 27 14 4 1 0 2 6 13 16 13 6 0 0 0 0 0 0 0 3 7 9 8 3 0 1 3 4 4 2 3 6 13 16 13 6 1 1 2 2 2 2 2 2 1 1 1 1 2 1 1 1 1 1 1 1 0 0 0 0 1 1 1 1 1 0 0 0 0 0 1 3 5 5 4 3 4 5 5 5 4 3 2 1 3 11 25 32 26 12 2 2 6 8 7 3 1 0 0 0 0 1 1 2 4 5 6 7 7 6 3 3 5 8 10 8 4 1 1 2 3 3 2 6 21 43 54 44 21 3 0 3 6 5 2 7 25 56 71 59 29 6 6 5 5 5 
3 3 26 49 72 59 27 2 0 0 2 5 9 12 10 5 2 1 1 2 2 2 2 2 2 2 2 1 2 5 10 13 11 5 2 7 16 22 21 16 11 8 4 1 0 1 1 0 0 0 11 27 36 30 15 3 1 1 3 2 1 4 15 32 41 35 18 5 1 0 2 8 17 21 17 7 0 0 0 1 0 0 0 3 9 12 10 4 0 0 0 0 0 0 2 8 17 21 18 9 2 1 2 2 2 2 2 1 1 0 0 0 0 0 0 0 1 1 2 1 1 0 0 0 1 1 1 1 1 0 1 1 1 2 4 7 9 8 5 3 3 4 5 5 3 2 1 0 3 14 32 41 34 16 3 1 3 5 4 2 1 0 0 0 0 1 1 0 0 0 1 2 3 3 2 3 6 10 12 10 4 0 0 2 4 2 1 6 25 56 71 58 27 3 0 3 7 8 8 8 10 13 14 12 8 5 5 5 5 5 
3 3 18 34 59 49 23 2 0 0 2 4 8 10 9 5 2 3 4 5 5 3 2 2 2 2 2 2 3 5 9 11 9 4 2 6 14 19 18 14 10 8 5 4 3 3 3 2 0 1 10 25 32 26 12 0 0 0 0 0 1 5 15 28 35 30 17 6 3 1 2 7 16 21 17 7 0 0 0 0 0 0 0 2 7 10 8 4 0 0 0 0 0 0 2 7 16 21 18 9 2 1 1 2 2 1 1 1 0 0 0 0 0 0 0 0 1 2 2 2 1 0 0 0 1 1 1 1 2 3 4 3 1 2 6 14 18 16 9 4 3 4 4 4 3 2 1 0 3 12 27 35 29 15 4 2 4 5 4 3 1 1 1 1 1 0 0 0 0 0 0 1 3 3 2 3 5 9 10 8 3 0 1 5 8 6 1 5 24 54 70 57 25 1 0 1 5 6 7 8 5 2 0 0 1 4 5 6 8 8 
3 3 11 19 28 24 12 3 1 1 3 4 5 6 5 4 3 5 9 11 10 7 4 3 1 1 1 2 4 5 6 6 5 3 2 4 7 9 9 8 7 8 8 8 8 7 7 5 3 4 8 17 21 17 9 1 0 0 0 0 1 7 12 18 20 18 13 8 4 1 1 5 13 17 14 6 0 0 0 0 0 0 0 1 3 4 3 1 0 0 2 3 2 0 1 5 13 17 15 8 2 1 1 1 0 0 0 0 0 0 0 0 0 0 0 0 0 2 4 3 2 0 0 0 1 1 1 2 4 8 10 7 2 1 9 24 32 28 15 5 2 2 3 3 2 2 2 1 3 7 15 19 16 10 5 5 6 6 5 3 2 1 1 1 1 1 0 0 0 0 0 2 3 4 3 3 4 5 5 4 2 1 5 11 15 11 3 3 19 45 59 47 20 0 0 0 1 3 5 6 4 2 0 0 0 4 6 8 11 11 
3 3 3 4 4 4 5 5 5 4 3 3 3 3 3 3 4 7 11 14 12 9 5 3 1 0 1 3 4 4 3 2 2 2 2 2 2 2 3 4 5 7 9 11 11 10 9 7 5 5 6 9 11 9 5 3 2 2 2 4 6 8 9 8 8 9 9 9 6 2 0 3 9 13 10 4 0 0 0 0 0 0 0 0 0 0 0 0 0 1 3 4 3 0 0 3 10 13 11 6 2 1 0 0 0 0 0 0 0 0 0 0 0 0 0 0 1 3 4 4 2 1 0 0 1 1 1 2 5 10 13 10 4 3 12 30 39 33 17 5 3 4 5 4 3 2 2 2 3 3 5 6 6 6 6 6 7 7 6 4 2 2 1 1 1 2 2 1 0 0 1 3 4 4 3 3 3 2 2 2 1 2 7 14 18 14 4 2 16 40 54 45 22 5 2 4 7 7 6 5 4 3 2 2 2 3 7 10 14 14 
3 3 3 3 0 1 6 9 8 5 2 1 1 1 2 2 4 6 10 12 11 7 4 3 1 0 1 3 4 3 2 2 2 2 2 2 1 1 2 3 4 6 8 10 9 7 6 5 4 4 4 6 7 5 1 3 14 33 43 37 21 8 5 4 5 6 9 10 8 3 0 2 7 10 8 3 0 0 0 0 0 0 0 0 0 0 0 0 0 1 3 3 2 0 0 2 7 9 8 5 2 1 1 0 0 0 0 0 0 0 0 0 0 0 1 1 2 3 3 3 2 1 0 0 0 1 1 3 5 8 11 10 8 8 15 26 31 26 14 5 6 11 14 12 6 2 2 2 3 3 3 3 4 5 5 6 7 6 5 3 2 1 1 1 2 3 5 6 7 7 6 4 3 2 2 2 3 4 5 4 2 2 6 12 14 9 0 0 12 39 54 47 27 13 14 22 27 23 15 7 3 0 0 0 4 8 9 9 10 10 
3 3 3 3 1 5 12 16 13 7 1 0 0 0 1 2 3 4 6 7 6 3 2 1 1 1 1 2 2 2 2 2 2 2 2 2 3 3 3 3 3 4 5 6 5 2 1 0 1 2 2 3 4 1 0 4 34 84 110 91 44 8 0 1 5 7 11 12 9 4 0 1 4 6 5 1 0 0 0 0 0 0 0 0 0 0 0 0 0 1 1 1 1 0 0 1 3 4 4 3 3 2 1 1 0 0 0 0 0 0 0 0 0 1 3 4 4 2 1 1 1 0 0 0 0 0 2 3 3 4 5 9 13 17 17 16 14 11 6 5 11 23 28 23 12 3 1 2 3 3 4 4 4 4 5 5 6 6 5 3 1 1 0 1 3 6 10 13 18 19 15 7 1 0 0 1 4 8 10 8 4 1 2 5 6 1 0 0 10 40 59 55 39 29 36 52 60 50 29 11 2 0 0 0 7 13 11 8 6 6 
3 3 3 3 3 8 18 22 18 8 1 0 0 0 0 1 2 2 3 3 2 1 0 0 1 2 2 2 2 2 2 2 3 3 3 4 4 4 4 4 4 3 3 3 3 3 3 2 1 0 1 2 3 0 0 5 45 110 144 119 56 7 0 0 5 8 11 13 11 6 2 2 3 3 3 1 0 0 0 0 0 0 0 0 0 0 0 0 0 0 0 0 0 0 0 0 0 0 1 2 2 2 2 1 1 0 0 0 0 0 0 0 0 1 4 6 5 2 0 0 1 1 1 1 1 1 2 3 2 0 1 7 17 22 18 8 1 0 1 5 14 28 36 29 15 3 0 1 3 3 4 5 5 4 4 4 5 5 4 2 1 0 0 1 4 8 12 17 23 25 19 9 0 0 0 0 4 10 13 11 5 1 0 0 0 0 0 1 24 61 88 93 87 81 83 88 84 66 37 13 4 1 1 5 13 18 13 7 2 2 
2 2 2 2 2 10 22 29 23 11 1 0 0 0 0 0 1 2 2 2 1 1 0 0 1 2 3 4 5 4 2 2 3 5 7 6 4 3 4 5 6 4 2 2 7 15 19 15 7 1 0 3 6 2 0 5 38 91 118 97 45 5 0 0 5 8 12 14 13 9 7 5 3 2 3 4 5 5 4 4 3 2 1 0 0 0 0 0 0 0 0 0 0 0 0 0 0 0 0 1 2 2 1 1 1 0 0 0 0 0 0 0 0 1 3 5 4 1 0 1 3 5 5 5 4 4 3 3 2 0 1 7 15 19 15 6 0 0 1 5 13 24 30 25 12 3 1 2 3 3 4 4 4 4 4 4 4 4 3 2 1 0 0 1 3 7 10 14 19 21 16 7 0 0 0 0 3 9 11 9 4 0 0 0 0 0 6 23 54 103 143 167 187 190 169 128 89 61 32 13 12 22 29 27 22 14 11 7 4 4 
1 1 1 1 1 11 28 36 30 14 1 0 0 0 0 0 1 1 2 3 2 2 1 1 1 2 4 8 10 7 3 0 3 9 12 10 5 1 3 7 10 7 2 2 15 35 46 38 17 2 1 6 10 8 4 6 20 42 54 44 20 2 0 1 5 8 11 14 15 15 14 10 5 3 4 9 12 12 11 10 7 4 2 1 0 0 0 0 0 0 0 0 0 0 0 0 0 0 0 1 1 1 1 0 0 0 0 0 0 0 0 0 0 0 1 2 2 1 1 3 7 10 11 11 10 8 4 2 1 2 3 6 10 13 10 5 2 2 3 6 9 13 15 13 7 3 2 2 3 3 3 3 3 4 4 4 4 3 2 2 1 1 1 1 2 3 5 7 9 10 8 3 0 0 0 1 2 5 7 5 2 0 0 0 0 9 29 62 106 172 232 285 344 356 297 181 85 44 19 12 25 57 75 63 34 10 9 7 5 5 
0 0 0 0 0 11 29 38 32 15 2 0 0 0 0 0 0 1 2 3 3 3 2 2 1 2 5 10 13 10 3 0 3 11 16 12 5 0 2 8 11 8 2 3 19 46 60 49 23 3 2 8 13 12 9 7 6 5 4 3 1 0 1 3 5 7 10 13 15 17 17 14 7 4 6 12 16 16 15 13 10 5 2 1 0 0 0 0 0 0 0 0 0 0 0 0 0 0 0 0 0 0 0 0 0 0 0 0 0 0 0 0 0 0 0 0 0 0 1 4 9 13 14 14 12 10 5 1 1 2 4 7 11 13 11 7 4 4 5 6 5 4 3 3 4 4 3 3 3 3 3 3 3 4 4 3 3 2 2 1 1 1 1 1 1 1 1 1 1 1 1 0 0 0 0 1 1 2 3 3 3 4 0 0 4 24 59 109 170 256 332 394 459 463 376 212 81 32 10 10 30 75 99 82 39 7 6 6 6 6 
1 1 1 0 0 10 25 33 27 12 1 1 4 7 5 2 0 0 0 0 0 1 2 2 1 2 5 11 14 11 5 1 5 12 16 13 5 0 1 6 9 6 1 3 16 38 50 41 19 3 2 7 12 11 10 7 3 0 0 0 0 1 2 2 3 5 8 11 12 14 14 12 8 6 8 10 13 13 13 11 7 0 0 0 0 1 1 1 0 0 0 0 0 0 0 0 0 0 0 0 0 0 0 0 0 0 0 0 0 0 0 0 0 0 1 1 1 0 1 4 8 11 12 12 10 8 4 1 0 0 3 10 21 27 23 13 5 3 4 5 4 2 1 2 3 5 4 3 3 3 4 5 4 4 3 2 2 2 2 1 1 1 1 1 1 0 0 0 0 0 0 0 0 0 1 1 1 0 2 6 13 18 14 7 18 49 103 172 256 370 453 488 499 462 367 208 82 33 10 7 23 62 83 68 33 6 6 5 5 5 
1 1 1 1 0 6 16 21 17 7 1 4 12 17 14 6 0 0 0 0 0 0 1 2 1 1 5 11 14 12 6 3 6 12 15 12 5 0 0 2 4 3 1 3 9 19 25 20 10 3 2 5 8 8 9 8 5 1 0 0 1 3 2 1 1 2 5 7 7 6 5 7 9 11 10 7 5 5 7 5 0 0 0 0 0 2 3 2 0 0 0 0 0 0 0 0 0 0 0 0 0 0 0 0 0 0 0 0 0 0 0 0 0 0 2 4 3 1 0 2 5 7 7 6 5 4 2 1 0 0 1 16 39 51 43 22 6 2 3 4 3 2 1 3 5 6 6 4 3 4 7 8 6 3 1 1 1 2 2 1 1 1 1 1 1 1 0 0 0 0 0 0 0 0 1 1 0 0 2 12 29 41 37 26 40 85 163 258 371 523 610 591 503 399 305 181 84 39 14 3 8 28 41 34 18 5 5 5 4 4 
2 2 1 1 0 3 8 11 9 3 1 6 17 22 18 8 0 0 0 0 0 1 2 2 1 2 5 10 13 11 7 5 7 11 13 10 4 0 0 1 3 3 3 3 3 4 5 4 4 3 4 4 5 6 7 7 6 5 3 4 4 5 4 3 2 2 4 4 4 3 3 6 11 13 11 6 2 1 2 2 2 1 0 1 2 3 3 1 0 0 0 0 0 0 0 0 0 0 0 0 0 0 0 0 0 0 0 0 0 0 0 0 0 1 4 5 4 2 1 1 3 4 3 2 1 1 1 1 0 0 1 19 49 64 54 27 6 1 1 3 2 2 2 4 6 7 6 4 4 6 10 13 10 5 1 1 1 2 2 1 1 1 1 1 1 1 1 1 1 1 1 0 0 0 0 1 0 0 3 16 37 53 49 37 52 101 187 289 412 575 657 605 460 321 237 149 81 42 16 1 0 2 8 7 6 5 4 4 4 4 
1 1 1 0 0 2 6 8 6 2 0 5 13 18 15 7 3 8 18 24 21 11 4 2 2 3 5 9 11 9 6 4 5 8 9 7 2 0 2 7 10 9 6 3 1 0 0 1 4 6 6 6 5 5 6 5 5 3 3 3 5 6 8 10 10 9 5 4 5 9 12 12 12 11 11 10 9 6 2 4 20 45 58 48 23 3 0 0 0 0 0 0 0 0 0 0 0 0 0 0 0 0 0 0 0 0 0 0 0 0 0 1 1 2 3 4 4 3 3 3 3 3 2 2 1 1 2 3 1 0 2 18 42 55 46 23 5 1 1 2 2 2 2 3 4 4 4 3 3 8 16 20 17 10 4 3 3 2 2 2 2 1 1 1 1 1 1 1 1 1 1 0 0 0 0 1 0 0 4 14 31 43 40 31 43 81 147 228 326 456 522 479 362 251 186 121 69 38 15 1 0 0 0 0 2 3 3 3 3 3 
1 1 0 0 0 2 5 6 5 1 0 2 6 9 7 4 7 24 50 63 53 28 8 3 3 4 5 6 7 6 3 2 2 3 4 2 0 0 6 17 24 20 11 3 0 0 0 2 7 10 10 9 7 6 4 2 2 2 2 3 5 8 13 21 24 19 9 4 10 21 28 24 14 7 10 17 21 15 3 10 50 118 152 124 56 3 0 0 0 0 0 0 0 0 0 0 0 0 0 0 0 0 0 0 0 0 0 0 0 0 1 3 4 3 2 2 3 5 6 6 5 3 3 3 3 4 5 6 5 4 6 13 26 32 27 14 4 1 2 2 2 2 2 2 1 0 0 0 3 11 24 31 28 18 10 7 5 4 3 3 3 2 1 0 0 1 1 1 1 1 1 0 0 0 0 0 1 3 6 10 16 20 19 15 20 36 63 99 146 211 248 238 198 155 123 83 50 30 13 2 0 0 0 0 1 2 2 2 2 2 
0 0 0 0 0 1 4 5 4 2 0 0 0 1 1 2 11 33 67 84 71 38 11 4 4 5 4 4 4 3 1 0 0 0 0 0 0 0 9 24 31 26 13 3 0 1 3 6 10 13 13 11 8 6 2 0 1 2 4 5 6 9 16 26 31 25 11 4 12 28 38 32 18 9 12 22 28 20 5 13 67 157 203 165 73 2 0 0 0 0 0 0 0 0 0 0 0 0 0 0 0 0 0 0 0 0 0 0 0 0 1 4 5 4 2 1 3 7 9 8 6 4 3 4 4 5 6 8 8 8 9 10 12 13 10 6 3 2 2 2 2 2 2 2 2 1 1 0 3 12 28 37 34 22 13 9 6 4 4 4 4 2 1 0 0 1 1 1 1 1 1 0 0 0 0 0 2 6 8 7 4 2 2 2 3 1 0 1 8 22 36 51 71 80 72 51 32 21 10 2 0 1 2 2 1 1 1 2 2 2 
0 0 0 0 0 1 2 3 3 4 3 2 0 0 1 4 12 30 56 70 59 33 12 6 4 4 3 3 3 2 2 1 0 0 0 0 0 3 10 20 25 20 9 1 1 4 7 9 12 13 12 10 7 5 2 0 2 7 10 10 8 8 13 22 26 21 10 4 10 23 32 31 26 22 22 23 23 15 4 12 58 133 170 139 61 2 0 0 0 0 0 0 0 0 0 1 4 6 5 2 0 0 1 2 2 1 0 0 0 0 1 3 4 4 2 2 4 7 9 8 5 3 3 4 5 5 5 6 8 10 11 10 8 6 5 3 2 2 2 3 3 3 3 6 10 12 9 3 2 11 27 36 32 20 11 7 6 5 4 3 3 2 0 0 0 1 1 1 1 1 1 0 0 0 0 0 2 4 6 4 0 0 0 0 0 0 0 0 0 0 0 0 25 43 43 33 23 15 6 0 0 0 1 1 1 1 1 1 2 2 
0 0 0 0 0 0 0 1 3 7 8 6 2 0 2 6 12 19 29 33 29 20 12 7 4 2 1 2 3 3 3 2 1 0 0 0 4 7 9 10 10 6 1 0 2 9 14 15 13 11 9 7 5 3 1 1 6 15 20 18 11 6 7 12 14 11 6 3 5 10 16 25 38 43 36 21 10 5 2 9 31 68 86 69 30 0 0 0 0 0 0 0 0 0 0 4 12 16 13 6 1 1 4 6 5 2 0 0 0 0 0 1 2 2 3 4 5 6 7 6 4 2 3 4 4 4 3 3 6 11 13 12 7 4 3 2 1 2 3 4 4 3 5 12 24 29 23 9 2 7 21 29 25 14 6 4 4 4 4 3 2 1 0 0 0 1 1 1 1 0 0 0 0 0 0 0 0 1 2 1 0 0 0 1 2 0 0 0 0 0 0 0 11 21 22 19 14 9 1 0 0 0 2 2 1 1 1 1 1 1 
0 0 0 0 0 0 0 0 3 9 12 9 3 0 3 8 12 10 7 4 6 9 11 8 3 0 0 1 2 3 3 3 3 2 3 6 11 13 11 6 2 0 0 0 6 17 23 21 15 9 7 5 3 2 1 2 9 19 25 21 12 4 3 4 4 4 4 4 3 1 5 19 42 54 45 22 5 1 3 6 10 15 18 14 6 0 0 0 0 0 0 0 0 0 0 7 17 22 18 8 1 2 7 10 8 4 0 0 0 1 1 0 0 2 4 6 6 6 6 5 3 3 3 4 4 3 1 1 4 10 13 11 7 3 1 1 1 2 3 4 4 3 6 15 31 39 31 13 1 4 15 21 18 9 2 1 3 4 4 2 1 0 0 0 0 1 1 1 0 0 0 0 0 0 1 1 1 2 2 2 1 0 2 4 6 5 4 2 1 1 2 4 8 10 10 9 8 6 3 1 1 2 2 2 1 1 1 1 1 1 
0 0 0 0 0 0 0 0 3 9 12 9 4 0 2 7 10 7 1 0 1 7 10 8 3 0 0 0 1 1 1 2 6 13 18 20 22 22 19 14 10 9 8 10 17 28 33 28 17 8 5 4 3 2 1 2 7 15 20 17 9 3 1 0 1 2 5 7 5 3 5 16 34 45 40 27 16 11 7 4 2 1 0 0 0 0 0 0 0 1 2 4 4 3 4 8 15 19 15 6 1 2 7 10 9 5 2 2 2 2 2 1 2 3 5 7 7 6 6 6 5 4 4 4 4 2 0 0 3 7 10 8 4 1 1 2 2 3 3 4 3 2 4 12 25 32 26 11 2 4 11 16 13 6 1 1 3 4 3 1 0 0 0 1 1 1 1 1 0 0 0 0 0 1 3 5 7 11 12 9 3 0 2 7 10 9 5 2 0 0 0 1 6 8 7 4 4 8 15 19 16 8 2 0 0 1 1 2 2 2 
0 0 0 0 0 0 0 0 3 8 10 8 3 0 1 4 6 5 2 0 2 6 9 7 3 0 0 0 0 0 0 1 12 29 41 42 37 33 31 29 28 27 26 28 34 43 46 37 20 6 3 4 4 3 1 0 2 6 9 8 5 2 0 0 0 2 7 11 11 10 10 13 17 22 28 36 37 29 14 2 0 0 0 0 0 0 0 0 0 3 7 10 11 10 10 10 10 9 7 3 1 3 7 10 10 7 5 5 5 5 5 4 4 5 6 7 7 7 7 7 8 7 6 5 3 2 0 0 1 3 4 3 2 0 1 3 4 4 3 2 1 1 2 6 11 15 12 6 2 3 6 8 7 4 2 2 3 4 2 0 0 0 1 2 2 1 0 0 0 0 0 0 0 2 7 12 17 25 28 21 9 1 4 12 18 15 8 2 0 0 0 4 12 17 12 3 1 14 37 49 40 19 3 0 0 1 2 3 4 4 
0 0 0 0 0 0 0 0 2 6 8 7 3 0 1 2 4 3 3 3 4 6 7 6 3 0 0 0 0 0 0 2 16 38 53 53 45 38 36 37 38 37 36 38 43 52 54 42 21 5 2 3 5 5 5 4 4 3 2 2 4 4 4 4 4 7 10 13 14 14 13 10 5 5 17 38 49 40 18 1 0 0 0 0 0 0 0 0 0 4 9 13 14 14 13 10 6 2 1 0 1 3 7 10 10 9 8 7 7 7 6 6 6 6 6 6 7 7 8 9 9 9 7 5 3 2 1 0 0 0 0 0 0 0 2 4 5 4 2 1 0 0 0 0 1 1 2 2 3 3 3 3 3 3 3 3 4 4 3 3 3 3 3 3 2 1 0 0 0 0 0 0 0 3 9 16 23 32 36 29 14 4 7 17 22 18 9 1 0 0 1 9 22 29 22 8 3 21 54 71 59 29 5 0 0 1 2 4 5 5 
0 0 1 3 3 2 0 0 1 4 6 5 2 1 1 2 3 3 2 2 3 5 6 4 1 0 0 3 5 2 0 0 11 31 44 44 36 31 30 31 32 31 30 32 39 50 53 42 21 5 0 1 3 8 15 19 16 9 4 5 9 13 16 18 19 17 14 12 12 12 12 8 2 2 12 30 40 33 16 2 0 0 0 0 0 0 0 0 0 3 7 11 12 12 11 8 3 0 0 0 1 3 6 9 9 9 9 8 7 6 6 7 7 7 6 6 6 7 8 8 8 7 6 5 4 3 2 1 1 0 0 0 0 1 2 3 4 4 2 0 0 0 0 0 0 0 0 1 2 2 2 1 2 2 3 3 3 4 7 13 16 14 8 3 1 0 0 0 0 0 0 0 2 5 9 14 20 27 30 26 17 11 14 20 23 18 8 1 0 0 1 13 33 45 38 20 13 30 61 78 65 33 9 3 4 9 10 11 12 12 
0 0 3 5 7 6 2 0 0 1 2 2 1 1 1 2 3 3 2 2 3 4 4 2 0 0 1 9 13 10 3 0 4 14 21 21 18 15 15 16 16 16 15 17 26 40 46 37 19 5 0 0 1 12 31 42 37 22 12 13 21 28 34 41 42 34 19 8 6 7 8 6 4 3 7 14 17 15 9 4 2 1 0 0 0 0 0 0 1 2 3 4 5 5 4 3 2 0 0 0 1 2 5 7 8 9 9 8 6 5 5 7 8 7 6 5 6 7 8 7 4 3 4 5 7 6 4 3 2 2 2 2 1 2 2 2 3 2 1 0 0 1 2 2 1 1 1 2 2 2 2 2 2 2 2 2 1 4 14 30 39 32 16 3 0 0 0 0 0 0 1 3 5 6 8 10 11 13 15 17 21 23 24 24 22 16 7 0 0 0 2 20 49 67 61 40 29 41 66 78 65 37 15 11 13 18 18 18 19 19 
1 1 4 8 11 9 4 0 0 0 0 0 1 1 1 2 2 2 2 2 2 2 3 3 5 7 11 17 21 23 24 22 17 9 3 2 3 3 4 4 4 4 3 5 14 29 37 31 16 5 0 0 1 15 39 54 48 31 19 20 28 36 44 53 54 43 21 5 2 3 5 5 5 5 5 5 5 6 6 6 5 3 1 0 0 0 0 0 1 1 0 0 0 0 0 1 1 1 1 0 1 2 4 6 7 8 9 7 5 4 4 6 8 7 5 4 5 6 7 5 2 1 3 7 9 8 6 4 3 3 3 3 2 2 2 2 1 1 0 0 1 2 3 3 3 2 2 2 2 2 2 2 2 3 3 2 1 4 18 40 51 42 20 3 0 0 0 0 0 0 2 5 7 7 7 6 4 2 3 10 22 30 30 25 19 14 6 1 0 0 2 23 55 76 71 51 39 45 62 70 60 40 24 21 23 26 26 26 26 26 
0 0 4 8 13 11 7 3 2 2 2 2 1 1 1 1 1 1 2 2 0 0 1 9 23 33 33 28 29 45 70 81 63 26 0 0 0 1 1 1 2 1 1 3 10 21 27 23 13 5 1 0 4 15 33 44 41 31 24 24 28 33 38 44 45 35 18 4 1 3 4 4 4 5 8 13 16 14 9 4 2 1 0 1 2 3 3 1 0 0 1 1 1 1 1 1 2 2 2 1 1 2 3 5 6 7 7 6 4 2 3 6 7 6 4 3 3 4 5 5 3 3 5 9 11 10 7 4 3 3 3 3 3 2 2 1 1 0 0 1 1 2 3 3 2 2 2 2 2 1 1 1 2 5 6 5 2 5 16 34 43 36 18 4 0 0 0 0 0 1 2 4 6 6 6 6 3 0 0 8 21 30 29 23 16 12 8 5 2 0 2 18 44 61 58 43 34 37 47 53 51 43 37 36 35 33 28 24 20 20 
0 0 4 8 14 13 10 8 8 8 7 5 2 0 0 0 0 0 1 1 0 0 0 20 54 76 67 43 38 76 143 175 139 59 0 0 0 2 2 2 2 2 3 4 7 12 14 12 7 4 4 7 10 13 17 20 23 27 28 27 24 22 22 23 22 17 10 4 3 4 4 3 2 4 15 32 41 33 15 1 0 0 0 2 6 9 7 3 0 0 3 5 5 4 4 4 4 3 3 2 2 2 3 3 4 5 5 4 2 1 2 4 5 5 3 1 1 1 2 4 6 8 10 13 14 12 7 4 3 2 2 2 2 2 2 1 0 0 1 1 1 2 2 2 2 2 2 2 2 1 0 1 3 8 11 9 5 5 10 19 24 21 12 5 3 1 0 0 1 2 2 3 3 4 6 6 4 1 1 7 18 25 23 17 12 11 12 12 8 2 1 8 20 28 28 24 21 20 22 26 34 47 56 56 51 39 31 22 14 14 
0 0 4 8 13 13 12 12 12 12 11 8 3 0 0 0 0 0 0 0 0 0 0 30 78 107 91 51 41 95 192 240 194 86 3 0 0 3 3 3 3 4 5 5 5 5 5 4 3 4 7 11 13 10 4 2 9 23 31 29 21 13 9 6 4 4 4 4 4 4 4 3 1 5 19 42 54 44 21 3 0 0 1 4 10 14 11 4 0 1 4 7 7 7 6 6 5 5 4 3 3 2 2 3 3 3 3 2 1 0 1 3 5 4 2 1 0 0 1 3 8 12 13 15 14 12 7 3 2 2 1 2 2 2 2 1 0 0 1 2 2 2 2 2 2 2 2 2 2 1 0 0 3 9 13 12 8 5 5 7 8 8 7 6 5 3 2 1 2 2 3 5 6 7 7 6 5 2 3 7 15 19 17 12 8 10 14 15 12 6 1 1 2 4 6 9 10 8 4 6 22 47 64 65 57 46 33 20 8 8 
4 4 6 7 10 11 11 12 13 14 13 10 4 0 0 0 1 0 0 0 0 0 6 37 87 115 95 49 35 92 197 251 206 100 16 0 0 3 2 3 4 4 5 5 4 3 2 2 3 4 7 10 12 8 1 0 7 23 32 29 18 9 5 2 1 1 3 4 4 4 4 3 3 7 17 34 44 39 26 15 11 9 9 10 13 14 12 6 3 3 4 6 6 6 6 6 6 6 5 4 3 3 3 2 2 2 1 1 1 1 2 4 4 4 3 2 2 1 2 5 9 12 13 13 11 9 5 2 1 1 1 1 2 2 2 0 0 0 1 2 2 2 2 2 2 2 2 2 1 1 0 0 3 7 10 10 8 6 5 4 4 4 5 5 5 5 5 3 1 2 6 14 19 17 10 5 3 2 3 5 10 13 12 9 7 8 11 13 11 7 4 2 0 0 2 6 8 5 0 0 13 38 55 56 49 35 27 18 10 10 
8 8 7 6 4 5 8 11 13 15 15 11 5 0 0 1 2 1 0 0 1 4 16 45 89 112 89 39 22 76 177 233 199 109 36 13 4 1 0 2 4 4 5 5 4 4 3 3 4 4 5 7 7 5 1 2 10 24 31 27 15 6 3 2 2 3 3 4 3 2 2 4 7 10 13 16 20 25 32 35 33 27 21 18 16 14 12 9 7 5 3 3 3 5 6 6 7 7 6 4 3 3 3 3 2 1 1 1 3 4 4 5 5 5 5 5 5 5 6 8 11 12 11 8 5 3 2 1 0 0 0 1 2 2 2 1 0 0 1 1 2 2 2 3 3 3 2 1 1 0 0 0 1 3 5 6 7 8 7 5 4 3 3 4 6 9 10 7 1 1 11 29 39 33 16 3 0 1 3 4 5 5 6 6 6 6 6 6 6 7 8 6 4 3 4 8 9 6 0 0 7 22 33 33 29 24 20 16 13 13 
13 13 8 4 0 3 6 9 11 13 14 11 4 0 0 3 4 3 0 0 3 8 21 46 83 101 79 32 16 63 152 203 178 107 47 24 10 2 0 2 4 5 5 5 5 4 4 4 4 4 4 4 4 3 2 4 11 22 28 24 12 4 2 3 4 4 4 4 3 2 2 5 10 13 9 2 1 12 33 46 45 36 27 23 19 15 13 11 10 7 3 1 2 5 8 8 7 7 6 4 4 3 4 4 2 1 0 1 4 6 6 6 6 6 7 8 8 8 9 10 11 12 9 5 1 0 0 0 0 0 0 1 2 2 2 1 0 0 1 1 2 2 3 3 3 3 2 1 0 0 0 0 0 0 0 2 6 8 8 5 4 3 2 3 6 11 13 9 1 1 14 37 49 40 18 1 0 1 4 3 2 1 3 5 6 5 3 2 4 8 10 10 8 6 7 9 10 12 13 14 15 16 16 15 14 14 14 15 15 15 
8 8 6 3 0 2 4 6 7 8 11 8 3 0 1 5 7 5 1 0 3 8 18 35 60 74 60 30 22 61 132 171 148 86 35 18 10 6 4 4 5 4 4 3 3 3 4 4 4 4 4 3 3 3 3 4 9 18 22 18 10 3 2 3 4 4 4 4 3 2 3 6 11 14 9 0 0 8 27 40 39 30 22 21 21 20 17 12 8 5 3 2 5 10 13 12 8 5 4 4 4 4 5 5 3 1 0 1 3 5 6 6 7 8 8 9 9 9 10 10 12 11 9 5 2 1 1 1 1 0 0 1 2 2 2 1 0 0 1 1 2 2 2 2 2 2 1 0 0 0 0 0 0 0 0 1 5 7 6 4 3 2 2 3 5 9 11 8 3 2 13 30 40 33 15 2 0 3 6 5 5 4 4 4 4 4 4 4 6 9 11 10 8 6 5 5 10 24 44 55 48 28 12 9 10 15 14 13 12 12 
4 4 3 2 0 1 2 3 3 4 5 3 0 0 2 8 11 9 4 1 2 4 9 15 25 32 33 31 38 64 104 123 100 49 10 3 9 14 12 8 5 3 2 1 1 3 3 4 4 4 4 4 4 4 3 4 6 10 11 10 6 4 3 4 4 4 4 4 4 4 4 7 12 13 10 2 0 5 16 23 21 14 10 15 23 28 23 12 4 2 2 5 10 18 22 18 9 3 2 3 5 5 6 6 5 2 0 0 1 3 4 7 9 10 10 11 11 10 10 11 11 11 10 7 5 4 4 3 3 2 2 2 2 2 1 0 0 0 1 1 1 1 1 1 0 0 0 0 0 0 0 0 0 0 0 1 2 3 3 2 2 2 3 3 4 6 6 6 5 5 9 15 18 14 7 3 3 6 8 9 11 11 9 5 3 4 7 10 11 11 11 9 7 5 3 0 10 42 94 120 101 52 14 7 11 15 13 11 9 9 
0 0 0 0 0 0 0 0 0 0 0 0 0 0 3 10 13 11 6 2 0 0 2 7 16 25 32 40 49 61 77 80 63 29 4 2 11 17 15 9 5 4 4 5 4 4 3 3 3 3 4 4 4 4 4 4 4 4 4 4 4 4 4 4 4 4 4 4 4 4 5 8 12 14 11 5 2 3 7 9 6 2 1 9 23 30 25 11 1 0 3 8 14 23 27 22 10 1 0 3 6 6 7 7 5 3 1 0 0 1 3 7 10 10 11 11 11 11 11 11 11 11 10 9 8 7 6 5 4 3 2 2 2 2 1 1 0 0 1 1 1 0 0 0 0 0 0 0 0 0 0 1 0 0 0 0 0 1 1 1 1 2 3 4 4 3 4 5 7 8 6 3 1 0 2 3 5 7 10 12 14 16 16 16 16 15 15 14 13 11 9 8 6 5 2 0 10 52 119 154 129 65 16 6 11 16 13 10 7 7 
0 0 0 0 0 0 0 0 0 0 0 2 4 5 7 9 10 8 5 2 0 0 0 22 59 82 80 63 50 49 52 53 50 42 35 28 21 14 10 6 5 8 15 19 16 9 3 2 3 3 3 3 3 4 4 4 3 2 2 2 3 4 4 5 5 4 4 3 3 3 4 7 13 15 13 7 3 3 4 4 2 0 0 6 18 24 19 8 0 0 3 8 14 22 25 20 9 0 0 3 6 7 6 5 4 2 1 0 0 1 2 5 8 8 8 8 9 10 10 11 11 10 10 9 8 7 5 4 3 2 1 2 2 3 2 1 0 0 1 1 0 0 0 0 2 3 3 1 0 1 3 4 3 1 0 0 0 0 0 0 0 1 2 3 3 4 5 6 9 9 6 1 0 0 0 3 5 8 10 11 12 16 28 47 56 49 29 14 9 7 6 5 5 5 3 0 11 45 100 129 108 55 14 6 11 13 11 8 6 6 
0 0 0 0 0 0 0 0 0 0 0 4 8 14 12 7 3 2 2 2 0 0 0 52 138 187 165 99 46 29 24 28 46 77 92 75 36 7 0 0 4 15 33 42 35 17 4 1 2 4 3 2 2 2 3 4 4 3 3 3 3 4 4 5 5 4 3 1 1 0 2 6 14 18 16 10 5 4 3 2 1 0 0 3 9 12 9 3 0 0 5 9 13 18 19 15 6 1 1 5 7 6 4 3 2 2 1 1 1 1 2 3 4 4 4 4 5 8 10 10 10 10 10 9 8 6 4 2 1 0 0 1 3 3 3 1 0 0 0 0 0 0 0 2 7 9 8 3 0 2 6 9 7 3 0 0 0 0 0 0 0 0 1 2 4 6 8 9 11 11 8 3 0 0 0 2 4 7 9 8 5 15 46 96 121 101 51 12 1 1 2 2 4 6 6 6 11 27 53 66 56 32 12 8 10 11 9 7 5 5 
0 0 0 0 0 0 0 0 0 0 0 6 12 19 12 6 0 0 1 2 0 0 0 69 180 242 210 118 44 18 6 14 47 105 135 110 50 3 0 0 4 19 42 54 45 22 4 0 2 4 4 4 4 4 4 4 4 4 3 3 4 4 4 5 5 4 2 0 0 0 1 6 14 18 17 13 9 6 3 1 1 1 1 1 2 2 2 0 1 4 9 13 14 15 14 10 4 1 2 5 8 6 3 1 1 1 1 1 1 1 1 1 1 1 1 1 3 7 10 10 10 10 9 8 8 6 5 4 2 1 0 1 3 5 4 2 0 0 0 0 0 0 0 4 10 13 10 4 0 3 9 12 10 5 1 0 0 1 1 0 1 1 1 1 4 7 10 12 12 11 9 4 1 0 0 2 3 6 9 6 2 13 54 120 154 128 62 10 0 0 0 1 4 6 8 9 10 12 14 16 16 15 14 12 10 8 7 5 4 4 
0 0 0 0 0 0 0 0 0 0 0 4 8 12 10 7 3 2 2 2 0 0 0 53 146 198 175 104 46 22 8 14 51 115 149 123 58 8 0 0 4 16 35 45 37 19 4 1 2 5 7 12 14 12 8 4 3 3 3 4 4 4 4 5 4 3 1 0 0 2 4 7 12 15 16 17 16 12 6 1 0 0 1 1 0 0 2 4 7 12 18 22 21 16 12 7 1 0 0 4 7 6 3 0 0 1 1 1 1 1 1 1 1 1 1 2 4 7 9 10 10 9 9 8 7 9 12 13 11 5 2 2 5 7 6 3 1 1 0 0 1 2 4 6 9 10 8 4 2 4 9 11 9 4 1 0 0 0 1 3 4 3 2 2 4 8 10 11 11 10 8 4 1 0 0 1 3 6 9 7 4 13 47 101 129 106 52 9 0 0 4 4 4 5 6 8 8 6 3 2 7 16 22 19 12 6 5 4 3 3 
0 0 0 0 0 0 0 0 0 0 0 2 4 6 7 8 9 8 5 2 0 0 0 19 64 93 89 69 49 36 21 24 59 119 150 126 66 19 5 2 5 9 18 23 19 11 5 3 3 5 12 23 29 25 13 5 3 3 4 4 5 5 4 3 2 1 0 0 3 7 10 10 8 8 14 22 26 20 9 1 0 0 1 1 0 1 5 11 17 24 32 36 31 21 11 4 0 0 0 3 7 6 3 1 0 1 1 1 1 1 1 1 1 2 3 5 7 8 10 10 10 10 8 6 7 13 24 29 25 13 5 5 7 9 8 6 3 2 0 0 2 8 11 10 7 5 4 3 3 5 8 9 7 4 1 0 0 0 3 7 10 8 5 3 4 7 10 10 9 8 6 3 1 0 0 1 2 5 8 9 8 14 29 54 66 54 27 7 4 8 11 9 5 3 3 4 4 2 0 1 10 26 35 29 15 4 4 3 2 2 
0 0 0 0 0 0 0 0 0 0 0 0 0 0 5 9 13 10 6 3 2 2 4 5 7 13 24 41 52 48 35 35 64 112 137 116 66 25 12 7 5 3 4 5 5 5 5 4 3 5 14 29 37 31 16 5 2 3 4 4 5 5 4 3 1 1 1 2 5 10 13 11 6 5 12 24 30 24 11 1 0 1 3 2 1 3 7 15 24 31 40 43 36 22 11 6 3 1 2 6 7 6 3 1 1 1 1 1 1 1 1 0 1 2 5 8 9 9 10 10 10 10 8 6 8 16 30 38 32 18 8 7 9 11 10 8 5 3 0 0 4 11 14 12 5 0 0 3 5 6 7 7 5 3 1 0 0 0 3 9 13 11 6 3 4 7 8 8 7 6 5 3 2 1 0 0 2 5 8 10 11 13 14 16 16 14 11 9 10 13 14 11 6 1 0 1 2 0 0 2 13 31 41 34 16 2 2 1 1 1 
0 0 0 0 0 0 0 0 0 0 0 2 3 5 6 7 9 8 6 4 15 33 42 32 11 0 11 36 54 52 43 42 61 93 108 91 53 21 11 7 5 3 2 2 2 4 5 5 3 5 12 25 31 26 14 5 3 3 4 5 5 5 4 3 2 2 3 5 7 10 11 10 8 8 13 21 25 20 9 1 1 4 6 5 2 3 7 14 22 28 35 38 32 19 12 15 23 28 24 16 9 5 3 1 0 1 1 1 1 1 1 0 1 3 6 8 9 9 9 10 10 10 9 8 9 16 26 31 27 16 8 8 11 13 12 9 7 5 3 3 5 9 12 9 3 0 0 3 5 5 5 5 4 4 3 2 0 0 3 8 11 9 6 3 4 6 7 7 6 5 4 3 2 1 0 0 2 4 7 8 10 10 8 4 3 6 13 17 17 15 12 9 4 1 1 1 2 1 0 2 11 25 33 27 13 2 2 2 1 1 
0 0 0 0 0 0 0 0 0 0 0 0 8 9 7 6 4 6 7 8 35 80 104 87 44 15 19 39 54 56 52 49 53 60 60 49 28 12 7 6 5 4 3 3 3 4 5 4 4 4 8 13 16 14 9 5 4 4 5 5 5 5 5 4 3 5 8 10 9 7 6 8 13 15 16 14 12 9 4 1 3 8 11 9 5 2 5 10 15 18 23 24 21 13 14 30 57 71 60 33 11 4 2 1 0 1 1 1 1 1 0 0 0 2 6 8 9 9 9 9 10 10 11 12 13 14 15 15 13 10 8 10 12 14 13 10 8 8 7 7 7 6 5 3 2 1 1 3 4 3 3 2 4 6 7 5 2 0 1 4 6 5 3 2 3 4 5 5 5 4 4 4 3 2 1 0 1 4 6 6 6 6 4 1 2 11 24 32 28 16 6 3 2 2 2 2 3 2 2 3 7 12 15 13 6 2 2 2 2 2 
0 0 0 0 0 0 0 0 0 0 0 0 13 13 9 4 0 4 7 10 47 106 137 118 67 30 28 41 53 56 58 56 48 35 23 18 13 10 8 6 5 5 5 5 5 4 4 4 4 4 4 4 4 4 5 5 5 5 5 5 5 5 5 4 5 7 11 12 10 4 2 7 15 20 17 9 3 1 1 3 6 11 13 11 6 2 3 6 9 11 12 13 12 9 15 38 75 94 79 43 14 4 2 1 0 0 1 1 1 1 0 0 0 2 5 8 9 9 10 10 9 10 11 13 13 11 7 4 4 5 8 10 12 13 13 10 9 9 10 10 7 3 0 0 1 2 2 3 3 2 1 1 3 7 9 7 3 1 0 1 2 2 1 1 2 3 4 4 4 3 4 4 3 3 2 1 2 3 4 4 3 2 2 1 4 15 32 40 33 15 1 0 1 3 3 4 4 4 4 4 3 3 2 2 1 1 2 2 2 2 
0 0 0 0 0 0 0 0 0 0 0 0 13 13 9 7 4 7 9 12 42 90 117 102 61 31 28 38 48 54 61 60 48 27 11 10 16 20 16 9 4 2 2 3 3 4 4 4 4 4 3 2 1 2 4 5 6 5 5 5 5 5 5 5 5 7 9 10 7 3 1 6 15 20 16 7 1 1 5 8 9 11 11 8 4 2 3 5 7 8 9 10 9 8 15 34 64 80 69 40 17 8 4 2 0 0 0 0 0 1 0 0 0 1 3 6 8 10 12 11 9 7 8 10 11 9 5 3 3 4 6 7 9 10 10 8 7 7 9 9 7 3 0 0 1 2 3 3 3 2 0 0 2 5 7 6 3 1 0 1 1 1 1 1 2 2 3 3 3 3 3 3 3 4 4 5 4 4 3 3 2 2 0 0 2 12 28 36 29 12 0 0 1 3 4 4 4 4 4 3 2 0 0 0 0 2 3 5 6 6 
0 0 0 0 0 0 0 0 0 0 0 0 0 0 0 9 9 10 11 13 27 49 62 57 42 30 29 33 39 49 62 65 52 26 9 14 30 38 31 15 2 0 0 0 1 2 4 4 4 3 3 2 2 3 4 5 6 5 5 5 5 5 5 5 5 5 5 5 3 1 1 5 12 16 13 6 1 4 12 16 14 9 5 3 2 1 3 5 7 7 7 8 8 9 13 21 34 41 39 30 21 14 7 2 0 0 0 0 0 1 0 0 0 0 1 3 6 12 15 13 8 4 3 4 5 6 7 7 6 4 3 3 4 5 4 3 3 4 6 7 6 5 3 3 3 3 3 4 3 2 0 0 0 2 4 3 2 1 1 1 1 1 1 1 1 1 2 2 2 2 2 2 2 5 8 10 8 5 2 1 1 2 1 0 1 8 19 25 20 8 0 0 1 4 4 4 4 4 3 2 2 1 0 0 1 2 5 7 10 10 
0 0 0 0 0 0 0 0 0 0 0 0 0 0 0 13 13 13 13 13 17 21 25 28 29 31 31 30 33 44 60 67 54 29 13 21 42 54 44 22 5 1 2 3 3 3 3 3 3 3 3 3 3 4 5 5 5 5 5 5 5 5 5 5 5 4 2 0 0 0 1 4 10 12 10 4 2 7 16 20 17 8 1 0 0 1 2 5 7 7 7 7 8 9 11 11 10 12 15 21 24 19 10 3 1 1 1 1 1 1 0 0 0 0 0 1 5 12 16 13 7 2 0 0 1 3 8 10 8 4 0 0 0 1 1 0 1 2 4 5 6 6 5 5 4 4 4 5 5 4 2 1 2 2 3 3 2 1 1 1 1 1 1 1 1 1 1 1 2 2 1 1 2 5 10 13 10 5 1 0 1 2 2 1 2 6 12 16 13 6 1 1 2 4 4 4 4 3 2 1 1 2 2 2 1 2 6 10 14 14 
0 0 0 0 0 0 0 0 0 0 0 0 0 0 0 8 8 9 9 9 20 31 32 34 36 36 34 30 31 41 58 66 56 35 23 31 51 62 54 34 19 16 17 18 14 8 3 2 3 4 4 4 4 4 3 3 3 4 4 4 4 4 4 5 5 3 1 0 0 0 1 3 7 9 7 3 2 5 12 16 14 8 4 2 1 1 2 5 7 8 7 7 7 8 8 7 5 5 11 20 25 20 10 3 4 9 12 10 5 1 0 0 0 0 0 0 4 10 13 11 7 3 1 0 0 2 6 9 7 3 0 0 0 1 1 0 0 1 4 5 6 5 5 5 6 5 3 1 0 1 5 8 9 9 8 6 3 2 1 1 1 1 1 1 1 1 1 1 2 2 1 1 2 4 9 11 9 5 1 0 1 2 2 3 5 8 12 14 11 5 0 0 2 3 4 4 4 3 2 1 1 1 2 1 1 2 6 10 14 14 
0 0 0 0 0 0 0 0 0 0 0 0 0 0 0 4 4 5 5 6 23 41 59 59 51 43 38 32 31 39 54 62 58 46 40 47 61 69 64 51 41 40 43 41 32 15 4 1 2 4 4 5 5 4 2 0 1 2 3 3 3 4 4 5 4 3 2 0 0 0 1 2 3 4 3 2 1 2 4 6 7 9 10 8 3 1 2 6 8 9 9 8 7 5 4 4 5 8 13 22 26 20 9 3 10 23 30 25 12 2 0 0 0 0 0 1 3 6 7 7 6 5 3 2 1 2 4 5 4 2 1 1 3 3 2 1 0 1 4 6 6 5 4 5 7 7 3 0 0 0 11 19 21 19 16 12 6 2 0 1 1 1 0 0 0 1 2 2 2 2 2 1 2 3 5 6 5 4 2 1 1 1 3 7 11 13 15 15 11 4 0 0 1 2 3 3 3 3 2 1 1 1 2 1 1 2 6 10 14 14 
0 0 0 0 0 0 0 0 0 0 0 0 0 0 0 0 0 1 1 2 27 51 75 65 55 45 38 32 30 36 47 56 56 51 50 55 63 68 66 59 54 54 57 54 41 20 4 0 2 4 5 5 5 5 5 5 5 5 5 5 5 5 5 5 4 3 2 1 1 1 1 1 0 0 0 0 0 0 0 1 5 11 13 11 5 1 2 6 9 10 10 10 7 3 1 3 7 12 16 22 24 18 8 4 12 30 39 32 16 3 0 1 2 2 2 2 2 3 4 4 6 6 5 4 2 2 2 2 2 1 1 2 4 5 4 2 1 2 4 6 6 4 4 4 6 8 9 12 15 18 23 26 26 24 21 16 8 2 0 0 1 1 0 0 0 1 2 2 2 2 2 2 2 2 2 2 3 3 4 3 1 1 4 10 14 16 16 16 16 15 14 11 6 3 3 3 4 3 2 1 1 1 1 1 1 2 6 10 14 14 
0 0 0 0 0 0 0 0 0 0 0 0 0 0 0 0 0 0 1 2 19 37 54 48 42 39 33 28 26 30 38 45 46 44 43 45 47 48 47 45 44 44 44 41 30 14 2 0 0 2 1 0 2 8 17 23 22 16 12 11 11 10 8 5 3 2 1 1 1 1 1 0 0 0 0 0 0 2 6 9 10 11 11 8 4 1 1 4 7 9 11 11 8 2 0 3 9 15 17 19 18 13 6 3 10 25 32 26 12 2 6 15 21 17 9 2 1 2 3 4 5 6 5 4 2 2 2 2 2 2 2 2 3 3 3 3 3 4 4 5 4 4 4 2 0 7 30 66 87 75 44 19 15 18 19 15 7 2 0 0 1 0 0 0 1 2 2 2 2 2 2 2 2 2 1 1 2 4 5 5 3 2 5 9 13 13 13 16 28 47 55 46 24 7 3 5 7 6 3 1 1 1 1 1 1 2 5 9 12 12 
0 0 0 0 0 0 0 0 0 0 0 0 0 0 0 0 0 0 0 1 12 23 34 31 29 26 24 21 20 22 26 29 30 29 27 24 18 14 16 19 21 20 16 12 8 3 0 0 0 0 0 0 0 12 37 53 50 35 24 21 21 19 14 7 1 0 0 1 1 1 1 0 0 0 0 0 0 6 17 24 21 12 5 2 1 1 1 2 3 6 11 13 10 3 0 4 14 20 19 14 9 6 2 1 5 12 15 11 3 2 15 39 52 42 20 2 0 2 5 5 5 5 4 3 2 2 3 3 3 2 2 1 0 1 2 5 7 6 4 2 3 4 5 0 0 5 62 154 202 166 75 6 0 5 14 11 6 1 0 0 0 0 0 0 1 2 3 3 3 2 2 2 2 2 1 2 3 6 8 7 6 5 6 7 9 8 7 17 48 96 121 100 51 13 5 9 12 9 5 1 0 1 1 1 1 2 4 7 9 9 
0 0 0 0 0 0 0 0 0 0 0 0 0 0 0 0 0 0 0 0 4 9 13 14 16 17 17 17 17 18 21 22 22 21 19 17 15 13 14 16 17 14 9 5 4 5 5 5 5 5 2 0 2 21 53 72 68 51 35 30 27 23 17 7 0 0 0 1 1 1 1 0 0 0 0 0 0 10 25 32 27 12 1 0 0 1 0 0 1 4 10 13 10 4 1 6 16 21 18 9 3 1 0 1 1 2 2 0 0 2 21 53 70 57 26 3 0 2 6 6 5 4 3 2 2 3 3 4 3 3 2 1 0 0 2 6 9 7 3 1 1 4 6 0 0 6 80 200 262 216 100 10 0 0 10 7 4 1 1 1 1 1 0 0 1 3 4 4 3 3 3 3 3 3 2 3 4 7 9 9 8 7 7 7 8 6 3 16 56 121 154 128 65 16 6 10 14 11 5 1 0 1 1 1 2 2 4 5 7 7 
0 0 0 0 0 0 0 0 0 0 0 0 0 0 0 0 0 0 0 0 3 6 9 11 14 17 19 20 19 23 29 32 29 23 24 35 55 68 67 59 51 47 44 41 37 30 27 27 29 31 29 26 28 38 55 66 64 54 44 37 28 19 13 5 0 0 0 1 1 1 1 0 0 0 0 1 4 11 23 29 24 13 4 1 1 1 0 0 0 2 7 10 9 6 5 8 14 17 14 7 2 1 1 1 1 0 0 0 0 2 20 49 64 53 25 3 0 3 6 5 2 1 0 0 1 2 2 3 3 2 2 2 3 4 5 7 7 6 2 0 1 4 7 3 0 14 74 169 220 191 111 45 23 14 8 4 2 1 1 3 3 0 0 0 0 2 6 6 6 5 5 6 6 6 5 5 6 8 9 10 9 10 11 13 14 10 4 12 46 100 128 107 55 13 5 9 12 9 4 1 0 1 1 1 2 3 4 5 5 5 
0 0 0 0 0 0 0 0 0 0 0 0 0 0 0 0 0 0 0 0 0 3 4 8 12 17 20 24 26 34 46 52 46 34 37 72 130 167 162 134 111 107 109 107 94 74 61 61 67 73 74 73 70 63 53 46 48 54 55 44 25 10 5 2 1 0 0 1 1 1 1 0 0 0 2 6 10 13 16 18 16 13 10 7 3 0 0 0 0 0 1 4 7 10 12 12 11 9 8 6 4 4 3 2 2 1 0 0 0 2 14 34 44 37 18 4 2 5 6 4 0 0 0 0 0 0 1 1 1 1 2 4 8 10 9 6 4 2 1 1 2 5 9 12 16 28 52 87 112 120 118 105 79 39 8 0 0 0 2 6 7 1 0 0 0 1 9 11 9 8 9 10 11 10 8 7 7 8 8 9 11 13 16 22 24 18 8 6 22 50 64 54 28 8 3 5 6 4 2 1 0 1 1 2 3 3 4 4 4 4 
0 0 0 0 0 0 0 0 0 0 0 0 0 0 0 0 0 0 0 0 0 0 0 5 11 17 22 28 33 44 59 69 63 51 60 109 189 238 226 180 142 137 143 142 126 98 80 79 87 94 97 99 95 83 63 50 51 60 62 48 24 6 1 0 1 0 1 1 1 1 1 0 0 0 3 9 13 13 10 8 9 12 13 10 4 0 0 0 0 0 0 1 5 12 16 13 7 3 3 5 6 6 5 4 3 2 2 1 0 2 9 20 26 23 13 5 4 5 6 5 2 1 1 1 2 2 2 2 1 1 2 5 11 14 12 6 2 1 1 2 3 5 9 17 28 35 31 22 26 58 110 135 110 53 8 0 0 1 3 7 10 8 3 1 3 7 11 11 11 10 11 13 14 13 12 11 10 9 9 9 11 13 18 26 28 22 10 2 3 10 14 12 7 3 2 1 1 1 1 1 1 1 1 2 3 4 4 3 3 3 
0 0 0 0 0 0 0 0 0 0 0 0 0 0 0 0 0 0 0 0 0 0 0 9 17 22 28 34 40 49 62 74 77 80 97 143 214 252 228 165 117 108 114 115 102 82 67 65 70 74 76 78 81 87 96 99 92 78 62 46 26 11 5 2 0 0 0 1 1 1 1 0 0 0 3 8 11 10 7 5 6 9 10 7 3 0 2 8 11 9 4 1 4 10 13 11 5 1 1 4 5 5 5 4 3 2 1 0 0 2 6 13 17 15 10 5 4 4 6 10 16 20 20 16 13 10 7 5 3 2 2 5 10 13 11 6 2 1 1 2 3 4 7 14 24 29 20 4 3 31 82 109 90 43 6 0 0 4 3 4 10 26 51 63 53 29 10 6 8 10 11 12 13 14 15 15 14 12 11 10 10 11 15 21 23 18 8 1 0 0 0 1 1 2 1 1 0 0 1 1 1 1 2 2 3 4 4 3 3 3 
0 0 0 0 0 0 0 0 0 0 0 0 0 0 0 0 0 0 0 0 0 0 0 0 24 28 34 41 49 54 62 75 94 122 151 185 227 238 197 116 55 41 45 50 46 40 35 32 29 29 28 30 46 86 149 182 161 105 58 40 30 23 14 6 0 0 0 1 1 1 1 0 0 0 1 4 5 4 3 2 2 3 4 2 0 0 8 22 30 25 13 3 2 4 6 5 3 1 2 3 4 4 5 5 4 2 0 0 1 2 4 7 9 8 7 5 4 2 6 19 39 52 50 40 30 24 17 11 7 3 2 3 6 8 8 6 4 3 3 3 3 3 4 7 12 14 9 1 0 13 35 47 38 18 3 1 4 8 4 0 9 54 127 164 135 63 7 0 3 10 10 10 11 13 18 20 20 17 14 11 8 6 7 9 11 8 4 0 0 0 0 0 1 2 1 1 1 1 1 1 2 2 3 3 4 4 4 3 3 3 
0 0 0 0 0 0 0 0 0 0 0 0 0 0 0 0 0 0 0 0 0 0 0 0 33 33 40 47 54 60 66 72 108 143 179 199 215 205 155 70 6 0 2 11 13 16 16 13 7 5 7 13 38 96 185 232 202 122 58 39 35 31 22 9 1 0 0 1 1 1 1 1 1 0 0 0 0 0 0 0 0 0 0 0 0 0 11 30 39 33 18 5 1 0 1 1 1 2 2 2 3 4 5 5 4 3 2 1 2 2 2 3 4 4 4 5 3 1 6 23 51 69 66 52 39 31 22 14 9 5 2 2 4 5 5 5 5 5 4 4 3 2 2 3 5 6 5 3 2 2 2 2 1 0 1 4 10 13 7 0 11 70 167 217 177 80 5 0 0 8 8 7 8 12 19 23 23 20 16 12 6 2 1 1 2 2 1 1 2 2 2 2 2 2 2 1 1 1 2 2 2 3 3 3 4 4 4 3 3 3 
0 0 0 0 0 0 0 0 0 0 0 0 0 0 0 0 0 0 0 0 0 0 0 0 22 22 32 43 53 57 60 64 90 116 157 167 170 153 111 42 0 0 9 26 28 27 25 21 16 19 31 53 84 128 190 219 191 123 67 49 41 34 23 10 1 0 0 1 1 0 0 0 0 0 0 0 0 0 0 0 0 1 2 0 0 0 9 25 33 28 14 3 0 0 0 0 0 1 1 2 3 4 4 5 5 7 7 6 4 2 2 2 2 3 4 4 3 1 5 19 42 56 55 44 32 26 19 13 9 5 3 3 3 4 4 4 4 4 3 3 2 1 1 5 11 14 12 5 0 0 0 0 0 0 2 7 15 21 16 8 18 65 140 178 145 65 4 0 0 6 6 6 7 11 18 22 22 20 16 12 5 0 0 1 2 2 3 3 4 4 4 3 3 2 2 1 1 1 1 2 2 3 3 3 3 3 3 3 3 3 
0 0 0 0 0 0 0 0 0 0 0 0 0 0 0 0 0 0 0 0 0 0 0 0 11 11 24 38 52 53 54 55 73 90 103 101 91 74 49 13 0 9 45 71 70 59 50 47 47 59 88 134 168 179 179 168 148 114 83 65 49 34 22 11 2 0 0 0 0 0 0 0 0 0 0 0 0 0 0 0 2 4 6 4 1 0 4 12 16 13 6 1 0 0 0 0 0 0 0 2 4 4 3 4 7 13 15 13 7 3 2 3 3 3 3 3 3 2 4 10 20 26 25 21 16 14 11 9 7 5 4 4 4 4 3 2 1 1 2 2 1 0 1 10 25 33 26 11 1 4 13 19 15 8 4 10 22 30 31 27 30 45 70 80 64 29 3 0 0 4 4 4 5 9 14 18 19 18 16 11 5 0 1 4 6 7 7 7 7 7 7 6 5 3 2 1 0 0 1 2 2 2 2 2 1 2 3 3 4 4 
0 0 0 0 0 0 0 0 0 0 0 0 0 0 0 0 0 0 0 0 0 0 0 0 0 0 16 33 50 49 48 47 55 63 71 60 39 21 8 0 0 31 85 122 118 93 77 80 93 116 152 205 232 211 159 116 102 96 88 73 52 34 24 15 9 5 2 0 0 0 0 0 0 0 0 0 0 0 0 0 3 6 8 7 3 0 1 3 4 3 1 0 0 0 1 0 0 1 2 4 6 5 3 4 9 17 22 18 10 3 2 4 5 4 3 2 2 2 2 2 2 2 3 3 4 4 5 5 5 5 5 5 4 4 3 2 1 1 2 3 2 0 3 15 33 42 34 14 3 8 23 32 27 13 6 12 25 35 38 39 35 27 14 4 1 1 2 2 1 1 2 2 4 6 11 14 15 15 14 10 4 1 2 6 9 10 9 9 9 10 9 8 5 4 2 2 1 1 1 1 1 1 1 1 1 2 3 3 4 4 
0 0 0 0 0 0 0 0 0 0 0 0 0 0 0 0 0 0 0 0 0 0 0 0 0 0 16 33 50 42 36 31 55 79 90 75 41 14 0 0 0 44 121 171 163 124 103 119 158 194 220 247 248 207 132 75 63 68 71 62 48 36 31 28 24 17 9 2 1 3 4 3 1 0 0 0 0 0 0 0 2 5 7 6 2 0 0 2 3 4 4 4 3 1 0 2 5 8 9 10 10 8 4 4 9 19 24 20 10 3 3 4 6 5 3 1 1 1 1 0 0 0 0 0 0 1 2 3 4 4 4 4 3 3 3 4 5 6 6 7 6 5 8 16 29 35 28 12 3 8 22 30 25 12 5 11 23 32 34 33 28 17 0 0 0 0 2 3 2 1 1 2 3 5 8 10 11 11 10 8 4 2 3 6 8 9 9 8 8 8 7 6 4 3 3 4 5 4 2 1 1 0 1 3 7 10 8 6 4 4 
0 0 0 0 0 0 0 0 0 0 0 0 0 0 0 0 0 0 0 0 0 0 0 0 0 0 0 0 0 0 20 16 55 95 137 121 73 32 9 0 1 62 166 234 220 163 135 173 251 304 307 285 243 183 93 28 15 27 39 39 38 38 42 48 48 37 19 5 4 7 9 7 3 0 0 0 0 0 0 0 1 3 3 2 1 0 2 5 8 10 11 10 7 2 0 4 14 20 20 18 15 11 6 4 9 19 24 20 10 3 3 5 7 6 3 1 0 0 0 0 0 0 0 0 0 1 2 2 3 3 3 2 2 2 5 9 12 13 13 14 14 14 15 16 17 17 13 6 3 7 16 21 17 9 4 8 16 22 22 18 13 7 0 0 0 0 1 2 1 1 2 3 3 4 4 5 5 5 5 5 4 4 5 5 6 6 6 6 5 4 3 2 2 2 5 9 11 9 5 1 0 0 1 6 15 19 14 9 4 4 
0 0 0 0 0 0 0 0 0 0 0 0 0 0 0 0 0 0 0 0 0 0 0 0 0 0 0 0 0 0 0 0 56 111 166 154 107 66 41 19 29 92 201 271 252 185 154 205 305 367 355 300 232 163 70 4 0 4 19 25 31 39 48 59 62 49 25 7 5 10 12 10 4 0 0 0 0 0 0 0 0 0 0 0 0 0 3 8 12 14 15 14 10 3 1 7 19 27 27 22 17 13 8 6 10 18 22 18 9 3 3 6 7 6 3 1 0 1 1 1 1 1 1 1 2 2 2 2 2 2 2 1 1 2 5 11 16 17 17 17 18 20 19 15 8 3 2 4 6 9 12 14 11 6 3 5 11 14 11 6 2 1 1 2 2 1 1 1 1 1 2 3 3 3 2 1 1 1 1 2 4 6 6 5 4 4 4 4 3 1 0 0 0 2 6 11 14 12 6 1 0 0 1 8 20 27 19 11 4 4 
0 0 0 0 0 0 0 0 0 0 0 0 0 0 0 0 0 0 0 0 0 0 0 0 0 0 0 0 0 0 32 32 68 105 109 120 117 110 99 83 89 138 219 267 241 172 140 187 282 342 333 284 223 160 75 14 0 8 19 21 24 29 39 52 57 45 23 6 4 8 10 8 3 0 0 0 0 0 0 0 0 0 0 0 0 0 4 10 14 14 13 11 8 5 4 9 19 24 23 18 14 12 12 12 13 16 17 14 7 2 2 4 6 6 5 4 3 4 4 4 4 4 4 4 4 3 2 1 1 1 2 1 1 1 4 9 13 14 14 15 16 19 19 14 5 0 2 8 13 14 12 10 8 4 2 4 7 9 6 2 0 0 0 1 1 1 1 1 1 1 2 2 3 3 2 1 1 0 1 2 3 5 5 5 5 5 5 4 3 2 1 1 1 2 5 10 12 10 5 1 0 0 0 7 19 21 15 10 4 4 
0 0 0 0 0 0 0 0 0 0 0 0 0 0 0 0 0 0 0 0 0 0 0 0 0 0 0 0 0 0 63 63 81 99 14 60 126 176 189 186 187 204 230 235 201 139 108 140 212 262 264 242 207 163 99 50 34 32 31 25 17 15 21 35 41 33 16 3 1 3 4 3 1 0 0 0 0 0 0 0 0 0 0 0 0 1 5 11 14 13 7 4 5 7 10 12 15 16 13 8 6 10 17 21 19 13 8 6 4 2 2 3 4 5 7 8 9 9 9 9 9 9 9 9 8 6 3 1 1 2 2 2 1 1 2 4 6 7 7 8 11 15 17 13 5 1 7 18 24 22 14 8 5 3 2 2 4 4 3 0 0 0 0 1 1 1 1 1 1 1 1 2 2 2 2 2 2 2 2 2 2 2 4 6 7 7 5 4 4 3 3 3 3 4 5 6 6 5 2 0 0 0 0 5 13 16 12 8 4 4 
0 0 0 0 0 0 0 0 0 0 0 0 0 0 0 0 0 0 0 0 0 0 0 0 0 0 0 0 0 0 99 99 98 97 93 127 185 232 255 270 271 256 225 193 164 130 115 134 178 209 212 203 185 162 127 97 82 69 58 47 34 26 25 30 31 24 13 5 2 1 0 0 0 0 0 0 0 0 0 0 0 0 1 0 0 1 4 10 13 11 4 1 3 10 14 15 15 13 10 4 3 9 20 26 22 11 2 0 1 2 2 1 2 4 8 10 11 12 12 12 12 12 12 11 10 8 4 1 1 2 2 2 1 1 1 2 2 2 1 2 5 11 13 11 5 3 10 23 30 26 15 6 3 3 2 2 1 1 1 1 0 0 0 0 0 0 0 0 1 1 1 1 1 2 4 5 4 4 3 2 1 1 3 6 8 8 6 4 4 4 5 5 5 5 4 3 2 1 1 0 0 0 0 3 8 10 8 6 4 4 
0 0 0 0 0 0 0 0 0 0 0 0 0 0 0 0 0 0 0 0 0 0 0 0 0 0 0 0 0 0 613 613 600 586 433 380 309 265 272 309 320 277 199 145 145 172 195 203 208 201 174 129 101 106 130 145 138 119 103 96 92 84 71 52 36 27 20 14 9 4 0 0 0 3 11 22 27 23 11 2 1 1 2 1 1 1 3 8 10 9 6 5 8 13 17 20 23 23 19 13 9 13 22 25 20 8 0 0 0 2 2 1 1 3 7 9 10 10 10 10 10 10 10 10 9 7 4 2 1 2 2 1 1 1 2 3 4 3 1 1 3 7 10 8 5 4 10 20 25 22 13 6 4 3 2 1 0 0 1 3 4 3 1 0 0 0 0 0 1 1 1 0 1 2 6 7 7 5 3 2 0 0 1 4 6 6 4 3 4 4 5 5 5 5 4 2 0 1 2 3 2 1 0 2 5 8 6 5 3 3 
0 0 0 0 0 0 0 0 0 0 0 0 0 0 0 0 0 0 0 0 0 0 0 0 0 0 0 0 0 0 1128 1127 1101 1075 1013 807 505 293 267 334 364 287 153 79 127 249 332 329 281 218 143 38 0 29 135 212 217 191 170 174 185 181 148 93 49 36 33 30 21 10 2 0 1 10 28 57 72 59 30 7 1 3 4 3 2 1 1 3 5 7 11 14 15 17 20 26 36 41 38 29 21 20 22 21 15 6 0 0 0 2 2 2 2 3 4 5 5 6 6 6 6 6 5 5 5 4 3 2 2 1 1 1 0 0 3 7 9 7 4 1 2 4 5 5 5 5 8 12 14 13 10 7 5 4 3 2 0 0 3 8 10 8 3 0 0 0 0 0 0 1 0 0 0 3 8 11 10 7 4 2 0 0 0 1 2 2 2 2 2 3 4 4 5 4 3 1 0 2 5 7 6 3 1 1 3 5 4 4 3 3 
0 0 0 0 0 0 0 0 0 0 0 0 0 0 0 0 0 0 0 0 0 0 0 0 0 0 0 0 0 0 1634 1634 1597 1560 1521 1197 682 309 251 340 387 289 120 34 111 291 418 422 368 300 232 139 91 126 215 278 277 247 223 226 239 231 187 113 57 41 42 41 31 16 6 2 3 13 37 75 95 79 39 9 2 4 6 4 2 1 0 0 1 6 14 20 20 18 19 28 42 50 47 37 28 24 20 16 11 6 2 1 1 2 2 2 2 2 2 2 2 2 2 2 2 2 2 2 2 2 2 2 2 1 1 0 0 1 4 9 12 10 5 2 1 1 2 3 5 6 6 6 5 6 7 8 7 5 3 2 0 1 5 11 14 12 5 0 0 0 0 0 0 1 0 0 0 4 10 14 12 8 4 3 3 3 2 2 2 1 1 1 2 3 4 4 5 5 5 5 5 6 8 9 7 4 1 1 1 2 2 3 3 3 
0 0 0 0 0 0 0 0 0 0 0 0 0 0 0 0 0 0 0 0 0 0 0 0 0 0 0 0 0 0 1182 1182 1376 1570 1846 1462 762 251 182 312 391 288 100 0 57 220 356 405 430 453 493 541 550 497 394 310 279 264 250 235 219 192 152 94 51 39 42 42 34 21 12 7 5 11 30 61 77 64 32 7 1 3 4 3 2 1 0 0 0 5 13 19 19 15 14 21 33 40 38 30 23 19 15 12 10 8 6 5 3 2 2 2 2 2 1 1 1 1 1 1 1 1 1 1 1 1 2 2 2 1 1 1 2 3 5 8 10 8 4 1 1 0 1 2 5 6 6 4 4 5 7 8 7 4 2 1 0 0 4 10 13 11 6 1 0 1 1 1 0 0 1 2 4 7 11 13 11 6 4 8 15 19 17 12 8 5 2 0 1 4 6 6 6 8 11 17 19 17 12 8 5 3 1 1 1 2 3 4 4 4 
0 0 0 0 0 0 0 0 0 0 0 0 0 0 0 0 0 0 0 0 0 0 0 0 0 0 0 0 0 0 730 731 1156 1581 2153 1732 828 160 82 259 376 279 88 0 0 90 221 342 510 696 924 1216 1322 1118 683 343 257 265 267 220 153 98 70 50 38 34 36 37 34 28 21 15 7 5 12 27 34 28 14 3 1 1 2 1 1 0 0 0 0 4 11 16 14 9 6 9 14 18 18 14 11 10 8 8 9 12 13 11 6 2 1 1 2 1 1 1 1 1 1 1 1 1 1 1 1 1 2 2 2 1 2 3 6 7 7 6 5 4 2 1 1 1 1 2 5 6 6 5 5 6 7 8 6 3 1 0 0 0 3 7 9 8 5 3 3 3 3 2 1 0 3 7 10 12 12 11 8 3 4 14 33 44 41 29 18 11 4 0 1 5 9 9 9 12 21 35 42 34 17 4 1 1 1 1 1 3 3 4 5 5 
0 0 0 0 0 0 0 0 0 0 0 0 0 0 0 0 0 0 0 0 0 0 0 0 0 0 0 0 0 0 281 282 936 1589 2244 1883 984 293 168 262 333 262 140 69 78 140 262 421 663 939 1277 1717 1882 1588 955 452 303 278 256 183 92 27 10 18 27 28 31 32 32 31 27 20 9 1 0 0 1 1 0 0 0 0 0 0 0 0 0 0 1 4 10 13 11 5 0 0 2 3 3 3 2 2 3 4 9 15 18 15 8 2 0 1 1 1 1 1 1 1 1 1 1 1 1 1 1 1 1 1 1 1 2 4 8 9 8 4 1 1 1 1 1 1 1 3 5 6 6 6 6 7 8 8 7 4 2 1 1 1 3 5 6 6 6 5 5 5 5 4 1 1 4 10 14 14 11 9 6 2 5 19 43 57 53 38 24 15 6 1 1 6 10 10 10 14 26 44 53 43 20 2 0 0 2 2 2 3 4 5 6 6 
0 0 0 0 0 0 0 0 0 0 0 0 0 0 0 0 0 0 0 0 0 0 0 0 0 0 0 0 0 0 187 188 752 1316 1958 1824 1310 840 602 384 253 238 304 385 432 494 594 718 898 1123 1434 1853 2018 1763 1198 713 492 328 207 122 59 21 7 14 22 24 26 27 28 28 25 19 8 0 0 0 0 0 0 0 0 0 0 0 0 0 0 0 1 4 9 11 10 5 2 2 4 5 4 2 0 0 1 3 8 15 18 15 8 2 0 1 1 1 1 1 1 1 1 1 1 1 1 1 1 1 1 1 1 1 2 4 6 8 6 3 1 0 1 1 1 1 1 2 3 4 4 5 6 6 7 7 7 6 6 6 6 5 3 0 0 0 3 6 6 6 6 5 3 3 5 9 11 11 9 8 7 6 9 20 38 48 44 33 21 14 7 3 3 6 8 8 8 11 21 36 43 35 17 3 0 2 4 3 3 6 12 19 25 25 
0 0 0 0 0 0 0 0 0 0 0 0 0 0 0 0 0 0 0 0 0 0 0 0 0 0 0 0 0 0 93 94 568 1042 1391 1628 1794 1729 1317 592 130 201 568 893 1015 1101 1170 1214 1248 1335 1533 1827 1954 1812 1472 1106 792 403 119 27 29 42 30 23 19 18 20 21 21 22 19 14 6 0 0 0 0 0 0 0 0 0 0 0 0 0 1 2 3 5 8 10 10 8 8 10 14 15 12 5 0 0 0 2 6 13 16 13 7 2 0 0 1 1 0 0 1 1 1 1 1 1 1 1 1 1 1 1 1 1 1 2 3 4 4 2 1 1 1 1 1 1 1 1 1 1 2 4 5 6 6 6 8 10 12 13 13 11 5 0 0 0 0 6 7 6 6 6 6 7 6 5 5 5 6 8 10 13 16 19 23 24 22 17 13 11 9 7 6 5 5 4 5 6 10 16 19 16 10 5 4 5 6 5 5 9 21 33 44 44 
0 0 0 0 0 0 0 0 0 0 0 0 0 0 0 0 0 0 0 0 0 0 0 0 0 0 0 0 0 0 0 1 388 775 1156 1577 2074 2198 1682 680 43 166 708 1190 1395 1554 1644 1643 1574 1538 1602 1718 1755 1685 1525 1274 923 417 50 0 7 55 46 30 18 15 16 17 17 17 15 11 5 1 0 0 1 0 0 0 2 6 8 6 2 1 3 9 13 13 12 11 11 10 11 14 19 21 17 8 1 0 0 2 5 10 13 11 6 2 1 1 1 1 1 1 1 1 1 1 1 1 1 1 1 1 1 1 1 1 1 1 2 2 2 2 2 2 1 1 1 1 1 2 2 4 5 6 8 10 12 14 15 15 16 16 15 14 13 12 10 9 8 6 6 5 5 6 8 9 7 3 0 1 3 6 10 16 19 16 11 6 5 5 6 8 10 12 10 5 2 2 2 2 1 0 0 2 5 7 8 8 9 8 7 12 29 46 63 63 
0 0 0 0 0 0 0 0 0 0 0 0 0 0 0 0 0 0 0 0 0 0 0 0 0 0 0 0 0 0 14 16 604 1193 1630 1874 2004 1879 1386 542 24 136 615 1084 1377 1694 1901 1939 1873 1777 1696 1577 1448 1351 1231 1041 748 328 25 0 0 43 39 28 20 17 17 17 17 17 15 12 8 4 4 4 4 0 0 0 21 59 80 65 29 5 8 25 37 35 26 17 14 10 9 11 15 17 14 6 1 0 0 1 3 7 9 8 5 2 2 1 2 2 2 2 2 2 1 1 1 1 1 1 1 1 2 2 2 2 2 2 3 4 3 2 2 1 1 1 0 0 1 5 13 18 19 17 18 23 31 34 30 21 13 9 6 12 34 69 86 71 34 5 0 0 4 5 9 10 7 2 0 0 2 5 8 13 15 13 8 4 3 2 3 6 11 13 11 6 3 2 2 1 0 0 0 0 2 5 8 10 11 10 7 9 20 32 43 43 
0 0 0 0 0 0 0 0 0 0 0 0 0 0 0 0 0 0 0 0 0 0 0 0 0 0 0 0 0 0 29 31 821 1612 2559 2393 1708 1056 661 250 40 102 374 734 1138 1696 2096 2222 2208 2061 1788 1337 958 782 657 527 364 160 16 0 0 21 22 23 24 23 22 20 20 19 18 16 13 10 10 10 9 0 0 0 52 145 195 160 73 11 16 51 75 68 47 28 18 9 4 4 6 8 6 4 1 1 0 1 2 3 4 4 4 3 3 3 3 3 4 5 4 2 1 1 1 1 1 1 1 1 2 3 3 3 3 4 6 7 6 3 1 0 1 1 0 0 1 12 29 42 41 35 33 43 61 68 55 28 7 0 0 6 65 160 209 171 76 3 0 0 1 4 8 10 7 3 0 0 0 2 3 5 7 8 9 9 7 3 2 5 11 14 13 9 5 3 3 2 1 0 0 0 0 2 6 12 15 13 8 6 12 18 24 24 
0 0 0 0 0 0 0 0 0 0 0 0 0 0 0 0 0 0 0 0 0 0 0 0 0 0 0 0 0 0 45 47 1034 2022 3014 2565 1360 389 102 37 67 88 187 436 881 1559 2057 2228 2244 2074 1703 1082 574 351 215 124 64 33 16 4 2 3 8 18 25 25 23 20 19 19 18 17 16 15 15 15 14 2 0 0 72 191 255 210 97 18 22 65 93 84 57 32 20 9 2 0 0 1 1 1 1 1 1 1 1 1 1 2 3 4 4 4 5 5 7 7 6 3 1 1 1 1 1 1 1 1 3 4 4 4 4 6 8 9 7 4 1 1 1 1 0 0 1 15 38 54 53 43 41 56 82 93 73 33 3 0 0 2 80 206 272 222 98 2 0 0 1 3 7 9 8 4 1 0 0 0 0 0 1 4 9 12 9 4 3 9 22 28 25 15 6 4 3 3 2 2 2 2 1 2 7 15 20 17 9 3 4 4 4 4 
0 0 0 0 0 0 0 0 0 0 0 0 0 0 0 0 0 0 0 0 0 0 0 0 0 0 0 0 0 0 220 221 886 1551 2543 2117 1035 188 0 18 102 112 155 331 699 1270 1687 1818 1812 1660 1357 857 442 242 100 14 0 2 19 14 4 0 1 8 14 15 14 13 13 12 12 13 15 17 17 18 17 11 2 16 72 163 211 175 87 24 25 55 76 67 45 26 17 10 5 2 0 0 0 0 1 2 3 3 2 2 1 2 3 4 5 6 7 8 10 10 7 4 1 1 2 2 2 1 1 2 3 3 4 4 5 6 7 7 7 6 5 3 2 1 0 0 1 12 31 44 42 33 34 54 87 102 81 36 2 0 0 4 67 169 222 182 83 6 0 0 3 4 7 9 8 7 5 3 2 0 0 0 0 2 6 9 7 2 5 23 51 66 55 28 6 1 2 3 3 2 2 4 6 10 15 22 25 21 12 6 5 5 4 4 
0 0 0 0 0 0 0 0 0 0 0 0 0 0 0 0 0 0 0 0 0 0 0 0 0 0 0 0 0 0 395 396 738 1080 1476 1221 608 137 39 86 154 163 182 274 477 793 1012 1050 993 889 768 582 405 266 113 9 0 11 31 24 10 0 0 0 0 0 0 1 2 2 3 7 13 17 19 19 22 26 32 43 61 87 99 85 54 30 27 31 34 28 19 12 11 12 12 9 4 0 0 0 1 3 4 5 5 3 3 3 3 4 6 9 11 13 13 12 9 4 1 1 3 4 4 3 2 2 2 3 4 5 6 5 4 4 6 9 10 8 4 1 0 0 1 6 14 20 18 12 17 42 83 103 83 37 2 0 0 9 35 77 99 83 43 11 4 5 8 7 8 8 9 11 11 8 4 1 0 0 1 1 2 4 2 0 10 44 97 124 102 47 5 0 0 4 3 1 2 7 15 23 27 31 31 26 16 9 7 6 4 4 
0 0 0 0 0 0 0 0 0 0 0 0 0 0 0 0 0 0 0 0 0 0 0 0 0 0 0 0 0 0 576 575 595 615 636 508 287 127 101 136 176 185 194 230 313 440 509 468 359 282 298 356 367 286 138 30 14 38 56 44 20 2 0 0 0 0 0 0 0 0 0 5 12 18 20 21 24 35 51 58 48 27 13 15 26 31 25 12 1 0 0 1 5 12 15 13 6 1 0 0 1 3 5 7 6 5 4 3 3 4 6 10 13 14 14 13 10 5 1 1 3 5 4 4 3 3 2 2 3 5 6 4 2 1 4 10 13 11 5 1 1 1 1 1 1 1 0 0 4 30 72 94 77 35 3 0 6 12 10 6 4 6 11 14 14 12 10 9 8 8 10 13 14 11 6 2 1 1 2 1 0 1 0 0 14 55 120 152 124 56 5 0 1 7 5 2 2 9 21 30 33 34 32 27 18 11 9 7 4 4 
0 0 0 0 0 0 0 0 0 0 0 0 0 0 0 0 0 0 0 0 0 0 0 0 0 0 0 0 0 0 1288 1311 1063 815 422 280 176 115 99 121 146 152 158 187 261 373 420 343 182 80 116 226 286 235 119 36 38 78 101 81 37 6 6 22 33 32 24 18 14 9 7 9 14 18 19 20 22 28 37 38 27 5 0 0 15 25 19 5 0 0 0 0 3 9 13 11 5 1 0 0 1 2 4 6 5 4 3 3 2 3 5 8 11 11 11 10 8 4 1 1 3 4 4 3 3 2 2 2 2 4 4 3 1 0 3 8 10 9 4 1 1 2 2 1 0 0 0 0 1 21 53 70 58 27 4 1 7 10 3 0 0 0 3 13 14 12 9 8 7 6 8 11 12 10 5 2 1 2 2 2 3 4 2 1 12 44 96 122 100 46 5 0 6 12 9 3 2 7 18 25 27 26 24 22 18 13 10 6 3 3 
0 0 0 0 0 0 0 0 0 0 0 0 0 0 0 0 0 0 0 0 0 0 0 0 0 0 0 1148 1149 1534 1823 2048 1531 1015 434 221 159 135 97 81 80 82 97 147 261 433 508 405 180 25 34 124 184 161 99 62 86 142 169 134 61 13 24 65 93 88 68 50 40 30 23 19 18 17 17 18 16 12 6 1 0 0 0 1 8 11 9 2 0 0 0 0 1 4 6 6 3 1 1 1 1 2 2 3 3 3 2 2 1 1 2 4 5 6 6 5 4 2 1 1 2 2 2 2 2 1 1 1 1 2 2 2 1 1 2 4 5 4 2 1 1 3 4 3 1 0 0 0 3 11 23 30 25 13 4 3 5 6 2 0 0 0 3 8 8 7 5 5 4 4 5 7 7 6 4 2 2 2 3 4 7 9 7 4 6 20 43 54 45 23 7 7 14 19 15 6 1 4 10 14 14 11 10 12 15 15 10 6 2 2 
0 0 0 0 0 0 0 0 0 0 0 0 0 0 0 0 0 0 0 0 0 0 0 0 0 0 0 1151 1151 1691 2231 2768 1989 1209 433 188 147 139 86 45 27 27 47 110 243 446 540 434 193 17 3 60 109 108 93 93 126 181 202 160 75 23 44 107 147 137 101 69 57 48 40 33 26 22 22 24 24 22 18 15 14 13 11 8 4 1 0 1 1 1 1 1 1 1 1 1 1 1 1 1 1 1 1 1 1 1 1 1 1 1 1 1 1 1 1 1 1 1 1 1 1 1 1 1 1 1 0 0 0 0 0 0 1 1 1 1 1 1 1 1 3 4 5 4 3 1 2 3 4 5 6 7 7 6 5 4 3 2 2 3 3 3 4 4 4 3 3 3 3 3 3 3 3 3 3 3 3 2 3 6 10 14 15 16 16 12 7 3 3 5 9 13 20 24 20 11 5 4 6 6 5 2 2 6 13 16 11 6 1 1 
0 0 0 0 0 0 0 0 0 0 0 0 0 0 0 0 0 0 0 0 0 0 0 0 0 0 0 1430 1313 1493 1672 1849 1328 807 306 117 99 104 63 26 9 8 24 72 174 329 403 326 148 18 3 39 77 92 108 124 145 171 174 136 66 30 64 141 187 165 106 59 51 56 59 52 40 33 35 42 55 79 114 128 109 65 28 13 4 0 0 0 1 2 4 5 4 2 0 0 1 1 2 2 2 2 1 1 1 1 1 2 4 4 4 2 0 0 0 0 1 1 1 1 1 1 1 1 1 1 0 0 0 0 0 0 1 1 1 0 1 2 3 5 5 5 4 4 2 1 1 2 3 8 14 18 16 11 6 4 3 2 2 2 3 3 3 3 2 1 1 1 2 3 3 2 2 2 3 3 3 2 3 5 9 16 28 46 53 40 13 0 0 3 11 16 22 24 23 20 16 13 9 7 5 5 6 8 12 11 8 4 1 1 
0 0 0 0 0 0 0 0 0 0 0 0 0 0 0 0 0 0 0 0 0 0 0 0 2131 2130 1851 1640 1476 1294 1113 931 668 405 128 49 42 44 26 10 2 2 9 30 72 136 171 153 99 58 49 52 66 94 139 166 159 133 105 78 44 39 89 180 228 190 99 34 34 63 84 78 60 52 56 71 105 173 273 318 268 152 56 22 7 0 0 0 1 4 9 11 9 4 0 0 0 1 2 3 3 3 2 1 1 1 1 4 8 10 8 4 1 0 0 1 1 1 1 1 1 1 1 1 1 1 0 0 0 0 0 0 1 1 1 0 1 4 8 10 9 5 3 2 1 2 0 0 3 16 38 49 42 23 7 3 2 2 2 2 2 3 3 3 2 0 0 0 2 4 4 3 2 3 3 4 3 2 3 3 5 17 46 92 114 92 41 3 0 6 15 18 20 23 26 31 32 27 17 11 11 15 17 15 11 7 5 3 1 1 
0 0 0 0 0 0 0 0 0 0 0 0 0 0 0 0 0 0 0 0 0 0 0 0 2142 2142 1979 1816 1652 1109 565 23 15 7 0 0 0 0 0 0 0 0 0 0 0 0 0 21 58 84 85 76 79 111 162 186 159 97 51 39 43 65 118 201 240 196 96 28 32 71 101 96 77 70 77 96 140 227 358 418 353 201 77 32 10 0 0 0 1 5 11 14 12 6 1 0 0 1 2 4 5 4 3 1 1 0 1 5 10 13 11 6 1 0 1 1 1 1 1 1 1 1 1 1 1 1 1 0 0 0 0 0 1 1 1 0 1 5 10 13 11 5 1 0 1 2 0 0 2 21 51 67 56 30 8 3 2 3 2 2 2 3 3 4 4 4 4 4 4 4 4 4 4 4 5 5 5 4 4 3 2 16 54 115 145 120 58 10 2 9 16 17 17 20 27 38 43 37 23 14 15 21 24 19 9 2 1 1 1 1 
0 0 0 0 0 0 0 0 0 0 0 0 0 0 0 0 0 0 0 0 0 0 0 0 3302 3302 3284 3267 3247 2239 1230 223 149 74 0 0 0 0 0 0 0 0 0 0 0 0 0 0 28 67 89 109 127 148 171 174 140 78 40 48 83 119 148 182 192 160 96 53 56 82 102 100 89 86 93 110 144 208 304 345 294 178 80 40 15 0 0 0 1 4 9 12 11 8 5 3 2 1 3 6 7 6 4 1 1 0 1 4 9 11 10 5 1 0 1 1 1 1 1 1 1 1 1 1 1 1 1 1 0 0 0 0 1 1 1 0 1 4 9 11 9 4 1 1 1 2 0 0 2 17 41 54 46 25 8 4 4 4 4 3 3 2 2 4 9 17 22 18 10 4 3 5 7 8 8 9 8 6 6 4 2 12 44 95 120 99 47 8 1 7 13 13 13 15 22 33 38 32 19 10 11 17 20 15 7 2 2 2 3 3 
0 0 0 0 0 0 0 0 0 0 0 0 0 0 0 0 0 0 0 0 0 0 0 0 4462 4462 4590 4718 4842 3369 1895 424 283 141 0 0 0 0 0 0 0 0 0 0 0 0 0 0 0 29 82 160 209 207 174 138 104 60 44 81 154 199 186 140 103 96 100 103 100 97 95 96 99 104 111 121 131 144 161 163 145 110 76 50 21 1 0 0 1 2 4 6 8 10 10 8 4 1 4 8 11 9 5 1 0 0 1 3 6 7 6 3 1 0 1 1 1 1 1 1 1 0 0 1 1 1 1 1 1 1 1 1 1 1 1 1 1 2 4 6 5 3 1 1 2 2 2 1 2 8 19 25 22 13 7 5 6 7 6 5 4 2 0 4 17 39 51 42 20 3 2 7 11 13 14 14 13 11 9 7 4 7 22 46 58 48 23 3 0 3 7 7 6 8 13 20 24 20 10 4 4 8 10 8 3 2 3 4 4 4 
0 0 0 0 0 0 0 0 0 0 0 0 0 0 0 0 0 0 0 0 0 0 0 0 5610 5610 5878 6145 6407 4481 2555 633 422 211 0 0 0 0 0 1 0 0 0 0 0 0 0 0 0 0 68 178 245 227 160 101 71 46 51 102 195 247 218 141 88 97 135 159 145 113 90 90 102 112 116 120 112 87 46 21 29 55 69 55 25 1 0 0 1 1 0 1 5 10 13 11 5 1 4 10 13 11 5 1 0 1 1 2 3 4 4 2 1 1 1 1 1 1 1 1 1 1 1 1 1 1 1 1 1 1 1 1 1 1 1 1 1 1 1 1 1 2 2 2 2 3 2 2 2 2 2 2 3 4 5 6 8 8 8 6 5 2 0 4 22 51 67 54 25 3 1 8 14 16 17 17 16 14 12 9 5 2 4 8 10 8 5 2 1 1 2 1 1 3 9 19 26 25 21 16 12 7 3 2 2 2 4 5 6 6 
0 0 0 0 0 0 0 0 0 0 0 0 0 0 0 0 0 0 0 0 0 0 0 0 5610 5609 5333 5127 4965 3857 2750 1644 1234 705 0 0 0 0 51 102 98 87 27 0 0 0 0 0 0 0 49 139 194 178 121 74 54 41 51 95 170 226 236 227 218 223 230 221 185 125 81 74 85 94 96 97 87 58 11 0 0 38 63 53 25 2 0 0 1 0 0 0 3 8 11 9 4 1 3 8 10 9 4 1 1 2 3 3 3 3 3 3 3 2 1 1 1 1 1 2 4 5 4 3 1 1 1 1 1 1 1 1 1 1 1 1 1 1 1 0 1 1 2 2 2 2 2 2 1 0 0 0 0 1 4 6 7 8 7 7 6 3 0 4 19 44 57 46 21 2 1 9 14 15 14 14 14 14 13 10 5 1 0 0 0 0 3 5 4 2 0 0 0 2 15 38 55 62 65 60 45 21 3 0 4 8 7 5 4 4 
0 0 0 0 0 0 0 0 0 0 0 0 0 0 0 0 0 0 0 0 0 0 0 0 0 0 0 3818 3523 3234 2945 2656 2279 0 0 0 0 0 102 203 266 234 80 0 0 0 0 0 0 0 22 60 84 79 57 42 38 39 53 73 108 164 251 376 452 441 377 301 231 139 72 52 55 60 59 58 51 32 2 0 1 33 53 45 22 3 0 0 1 0 0 1 2 4 5 4 2 1 2 4 5 4 2 1 2 4 6 5 4 4 4 5 5 4 2 1 0 0 1 4 8 10 9 5 1 1 1 1 1 1 1 1 1 1 1 1 1 1 1 1 1 1 1 2 2 2 1 1 1 0 0 0 0 1 3 4 5 6 6 7 7 5 3 4 11 24 31 25 11 2 3 9 13 12 9 7 8 12 14 11 5 0 0 0 0 2 8 12 10 5 1 0 0 3 29 72 106 124 137 131 100 46 6 0 8 14 10 6 2 2 
0 0 0 0 0 0 0 0 0 0 0 0 0 0 0 0 0 0 0 0 0 0 0 0 0 0 0 2094 2096 2616 3136 3653 3659 0 0 0 30 18 165 311 455 381 189 36 0 0 0 0 0 0 0 0 0 3 9 18 27 39 56 65 78 134 263 462 582 559 450 336 255 160 90 65 63 62 53 43 33 23 11 6 15 33 43 36 19 5 1 0 0 0 1 1 1 1 1 1 1 1 1 1 1 1 0 0 2 6 8 7 5 4 5 7 7 6 3 1 0 0 1 4 10 13 11 6 1 1 1 1 1 1 1 1 1 1 1 1 1 1 1 1 1 1 1 1 1 1 1 1 1 1 1 1 1 2 2 2 3 4 5 6 7 6 4 4 6 10 12 10 5 2 4 8 12 14 15 16 16 15 13 10 6 3 1 0 1 6 15 19 15 7 1 0 0 4 39 96 141 165 181 173 133 61 8 0 11 19 13 6 0 0 
0 0 0 0 0 0 0 0 0 0 0 0 0 0 0 0 0 0 0 0 0 0 0 0 0 0 0 2094 2096 2576 2934 3213 3787 0 0 0 2563 1787 1412 1036 525 387 305 241 180 123 75 41 9 0 0 0 0 0 0 10 22 39 64 87 121 180 279 424 506 477 377 283 232 182 147 135 137 131 107 71 43 34 33 34 34 35 33 27 16 8 4 2 0 0 1 1 1 1 0 0 1 1 1 0 0 0 0 1 3 7 10 9 6 4 5 7 8 7 3 1 0 0 1 4 8 11 9 5 1 1 1 1 1 1 1 1 1 1 1 1 1 1 1 1 1 1 1 1 1 1 2 4 4 4 2 1 1 1 2 2 3 3 4 5 6 5 4 4 5 8 10 8 3 1 2 5 12 25 45 55 46 25 10 7 9 10 7 2 1 8 19 25 21 10 1 0 0 0 36 98 145 164 172 160 121 55 7 0 11 18 14 10 6 6 
0 0 0 0 0 0 0 0 0 0 0 0 0 0 0 0 0 0 0 0 0 0 0 0 0 0 0 0 0 0 2675 2773 3883 5305 7184 5634 4467 3556 2658 1761 608 372 488 584 492 341 205 117 29 0 0 0 0 0 0 10 22 41 75 129 208 269 297 311 304 271 210 172 180 214 242 255 264 251 205 128 73 64 76 81 67 42 22 15 13 11 8 4 1 0 1 1 1 1 1 1 1 1 1 1 0 0 0 1 4 8 11 10 7 5 6 8 9 7 4 1 0 1 1 2 4 5 5 3 1 1 1 1 1 1 0 1 1 1 1 1 0 1 1 1 1 0 0 0 0 1 4 8 10 8 4 0 0 1 2 2 2 3 3 3 4 3 3 4 7 12 15 12 5 0 0 0 13 44 94 118 96 43 4 1 14 23 18 7 2 10 25 33 27 13 0 0 0 0 28 89 132 141 133 113 84 37 5 0 9 16 14 13 12 12 
0 0 0 0 0 0 0 0 0 0 0 0 0 0 0 0 0 0 0 0 0 0 0 0 0 0 0 0 0 0 2334 2339 3952 5562 7163 6540 5918 5294 3889 2483 1083 1036 989 942 750 557 363 227 91 0 0 0 0 0 1 10 21 40 79 149 254 313 288 212 149 124 110 123 173 259 324 347 351 329 272 178 109 97 109 112 87 45 14 7 10 13 10 5 1 0 1 1 1 1 1 1 1 1 1 1 1 1 0 1 4 8 11 11 8 7 7 8 8 6 3 1 1 1 1 1 1 1 1 1 1 1 1 1 1 1 1 1 1 1 1 1 1 1 1 1 1 1 1 1 0 1 4 10 13 11 5 1 1 1 2 2 2 2 2 2 2 2 3 4 9 16 20 19 16 14 9 3 13 54 121 154 124 54 3 0 17 30 24 11 4 11 27 36 29 13 1 0 0 9 38 85 115 114 95 72 50 22 3 1 7 14 15 16 17 17 
0 0 0 0 0 0 0 0 0 0 0 0 0 0 0 0 0 0 0 0 0 0 0 0 0 0 0 0 0 0 2334 2338 3399 4191 4804 4565 4326 4086 3514 2941 2370 2001 1633 1265 1029 793 407 234 75 0 0 0 0 0 0 4 15 35 70 130 217 266 241 169 122 128 160 204 254 324 369 373 351 316 271 204 151 131 122 108 80 40 12 4 7 10 8 4 1 0 0 1 1 1 1 1 1 1 1 1 1 1 0 1 3 6 9 9 10 9 9 8 6 5 2 1 0 1 1 1 0 0 0 1 1 1 1 1 2 4 5 4 2 1 2 4 5 4 2 1 3 6 7 5 2 1 3 8 11 10 7 5 3 2 2 1 1 1 1 1 1 2 4 7 10 15 22 32 47 53 41 18 14 47 107 138 113 53 8 4 17 26 22 12 7 12 23 29 21 6 0 11 35 58 74 91 98 91 72 53 36 16 3 1 6 10 11 11 12 12 
0 0 0 0 0 0 0 0 0 0 0 0 0 0 0 0 0 0 0 0 0 0 0 0 0 0 0 0 0 0 0 0 0 2429 2445 2589 2734 2878 3139 3399 3657 2967 2277 1588 1308 1028 463 253 76 0 0 0 0 0 0 0 7 27 52 85 129 160 157 138 145 200 294 368 399 415 407 372 308 255 236 226 209 176 128 85 58 31 13 5 5 5 3 2 1 0 0 0 0 1 1 1 1 0 0 1 1 1 1 1 2 3 4 7 11 13 11 7 3 2 1 0 0 0 0 0 1 1 1 1 1 1 0 1 4 8 10 8 4 1 3 8 10 8 3 1 5 12 16 13 5 0 0 3 5 7 10 10 8 4 1 0 0 1 1 0 1 3 7 11 12 14 24 52 94 114 92 43 14 29 67 90 77 45 19 13 14 15 14 12 11 12 14 14 6 0 0 37 100 141 135 104 75 61 49 37 26 13 4 2 4 6 6 6 6 6 
0 0 0 0 0 0 0 0 0 0 0 0 0 0 0 0 0 0 0 0 0 0 0 0 0 0 0 0 0 0 0 0 0 110 111 635 1159 1684 2768 3853 4930 3920 2913 1911 1592 1273 954 767 580 380 241 98 0 0 0 0 8 23 38 48 59 75 91 114 162 249 378 469 487 468 427 370 282 219 213 233 234 194 124 67 42 25 14 7 2 0 0 0 1 1 0 0 0 1 1 1 1 1 1 1 1 1 1 1 0 0 1 5 11 14 12 6 1 0 1 1 1 1 1 1 1 1 1 1 1 1 0 1 4 10 13 11 5 1 4 10 13 10 4 1 6 16 21 17 8 1 0 0 1 5 10 13 11 5 1 0 1 1 1 0 1 4 8 13 13 12 24 60 116 144 118 57 14 14 33 48 45 34 24 18 11 7 7 11 13 11 6 4 0 0 14 75 173 228 201 123 59 39 31 25 18 10 5 3 2 2 2 1 0 0 
0 0 0 0 0 0 0 0 0 0 0 0 0 0 0 0 0 0 0 0 0 0 0 0 0 0 0 0 0 0 0 0 0 110 111 635 1159 1684 2768 3853 4929 3780 2922 2258 2288 2319 2348 2140 1931 1558 1109 468 2 0 0 6 12 22 32 34 35 46 61 88 137 215 331 417 448 455 434 380 288 218 202 209 201 162 101 51 31 21 14 8 2 0 0 0 1 0 0 0 0 0 1 2 4 5 4 2 1 1 1 1 0 0 0 3 9 11 9 4 1 1 3 5 5 5 4 4 2 1 1 1 1 1 0 1 4 8 11 9 4 1 3 8 11 9 4 1 5 13 17 15 9 5 2 0 0 3 7 10 9 6 3 3 3 3 2 1 1 3 6 10 10 9 18 47 94 117 97 49 13 9 19 28 27 24 20 15 9 5 5 9 11 8 2 4 8 20 56 136 257 318 270 149 53 25 19 18 12 8 5 3 1 2 2 3 4 4 
0 0 0 0 0 0 0 0 0 0 0 0 0 0 0 0 0 0 0 0 0 0 0 0 0 0 0 0 0 0 0 0 0 0 0 0 0 0 0 0 0 0 2932 2605 2985 3365 3743 3512 3282 3409 2475 1052 10 0 0 22 24 26 28 28 28 34 45 63 96 145 216 283 339 402 426 392 314 242 201 163 127 96 62 37 25 19 14 9 3 0 0 0 0 0 0 0 0 0 1 4 8 10 8 4 1 0 0 0 0 0 0 2 4 5 4 2 1 3 7 10 11 11 10 8 4 1 0 1 1 1 0 1 2 4 5 4 2 1 2 4 5 4 2 1 3 6 8 9 10 10 7 3 0 0 2 4 5 6 7 7 8 7 5 3 1 1 3 4 4 4 8 21 41 52 44 26 11 8 10 12 11 10 9 8 6 5 5 6 7 3 0 8 28 64 123 222 365 429 355 186 52 15 11 13 9 8 7 4 1 1 3 5 8 8 
0 0 0 0 0 0 0 0 0 0 0 0 0 0 0 0 0 0 0 0 0 0 0 0 0 0 0 0 0 0 0 0 0 0 0 0 0 0 0 0 0 0 2946 2948 3670 4390 5105 4854 4602 4346 2916 1486 61 70 79 88 69 51 32 28 31 41 54 75 105 140 191 242 291 350 388 397 387 349 278 166 82 61 66 68 54 31 14 6 2 0 0 0 0 0 0 1 1 0 1 5 10 13 11 5 1 0 0 0 0 0 0 1 1 1 1 0 1 4 9 13 14 14 13 10 5 1 0 0 1 0 0 0 1 1 1 1 1 1 1 1 1 1 1 1 1 0 1 4 10 13 11 5 0 0 0 1 3 7 10 11 11 10 8 4 1 0 1 1 1 1 1 1 0 1 3 7 9 8 4 1 0 0 1 2 3 4 4 4 4 1 0 11 39 88 157 263 412 477 398 217 71 26 13 9 4 6 7 4 1 0 4 8 12 12 
0 0 0 0 0 0 0 0 0 0 0 0 0 0 0 0 0 0 0 0 0 0 0 0 0 0 0 0 0 0 0 0 0 0 0 0 0 0 0 0 0 0 2946 2947 3201 3390 3536 3377 3219 3057 2104 1150 201 218 236 253 187 120 47 34 43 66 94 140 195 260 347 400 382 324 309 393 542 602 493 268 105 93 148 179 142 68 11 0 0 0 0 0 0 0 0 1 1 0 1 4 9 11 9 4 1 0 0 0 0 0 0 0 0 0 0 0 1 4 8 11 12 12 11 8 4 1 0 0 0 0 0 0 0 0 0 0 1 1 1 0 0 0 1 1 0 0 0 2 8 11 10 6 3 2 1 2 4 8 11 12 12 11 8 4 1 1 3 3 3 1 0 0 0 0 0 2 6 5 1 0 0 0 0 0 2 3 4 5 5 0 0 2 26 69 132 227 360 425 372 238 123 71 31 7 0 1 5 4 3 4 5 7 8 8 
0 0 0 0 0 0 0 0 0 0 0 0 0 0 0 0 0 0 0 0 0 0 0 0 0 0 0 0 0 0 0 0 0 0 0 0 0 0 0 0 0 0 0 0 0 2105 1967 1901 1836 1768 1292 815 341 367 393 418 304 189 73 47 67 113 168 254 353 473 630 690 559 298 185 382 778 991 831 443 164 165 291 359 283 127 7 0 0 0 0 0 0 0 0 0 0 1 1 3 4 5 4 2 1 0 1 1 1 1 1 0 0 0 0 0 0 2 4 6 6 6 5 4 2 1 0 0 0 0 0 0 0 0 0 0 0 0 0 0 0 0 1 1 1 0 0 1 3 5 6 6 7 7 6 6 8 10 12 13 13 12 9 4 1 3 7 10 8 3 0 0 0 0 0 0 3 2 0 0 0 0 0 0 0 2 4 8 9 1 0 0 0 25 68 136 236 298 297 258 204 146 65 5 0 0 1 3 6 8 7 6 4 4 
0 0 0 0 0 0 0 0 0 0 0 0 0 0 0 0 0 0 0 0 0 0 0 0 0 0 0 0 0 0 0 0 0 0 0 0 0 0 0 0 0 0 0 0 0 415 415 441 468 494 489 484 479 513 547 580 418 257 97 115 134 153 260 366 472 616 796 847 647 270 99 356 885 1184 1000 529 193 206 376 468 369 163 5 0 0 0 0 0 0 0 0 0 0 1 1 1 1 1 1 1 1 1 1 1 1 1 1 1 1 1 1 1 1 1 1 1 1 1 1 1 1 0 0 0 0 0 0 0 0 1 1 1 1 1 1 1 1 1 1 1 1 1 1 0 0 1 3 6 9 9 9 9 9 10 11 12 12 11 8 3 1 4 10 13 11 5 0 0 0 0 0 0 0 0 0 0 0 0 0 0 0 0 4 9 13 12 10 8 5 2 17 58 126 182 218 250 245 187 83 4 0 0 0 3 9 12 9 5 1 1 
0 0 0 0 0 0 0 0 0 0 0 0 0 0 0 0 0 0 0 0 0 0 0 0 0 0 0 0 0 0 0 0 0 0 0 0 0 0 0 0 0 0 0 0 0 415 415 441 468 494 489 484 479 454 435 420 317 213 110 128 146 164 268 372 496 604 726 743 562 234 86 307 765 1024 861 449 159 183 352 444 353 157 7 0 0 0 0 0 0 0 0 0 0 0 1 1 0 0 0 1 1 1 1 1 1 1 1 2 3 5 5 5 5 3 2 0 0 0 0 0 0 0 0 0 0 0 0 0 0 0 1 2 3 5 5 5 5 4 2 1 0 0 0 0 0 0 2 5 7 8 7 7 7 8 9 9 9 9 6 3 1 3 7 9 8 3 0 0 0 0 0 0 0 0 0 0 0 0 0 0 0 0 2 7 19 41 74 89 68 24 1 20 66 112 152 200 212 165 73 2 0 0 3 6 11 11 8 5 2 2 
0 0 0 0 0 0 0 0 0 0 0 0 0 0 0 0 0 0 0 0 0 0 0 0 0 0 0 0 0 0 0 0 0 0 0 0 0 0 0 0 0 0 0 0 0 0 0 0 0 0 0 0 0 0 292 261 215 169 123 140 157 175 277 379 480 512 517 477 366 189 111 234 489 627 517 258 86 122 262 340 274 126 12 0 0 0 0 0 0 0 0 0 0 0 0 0 1 1 1 1 1 1 1 1 1 1 1 4 7 10 11 11 10 8 4 1 0 0 0 0 0 0 0 0 0 0 0 0 0 0 1 3 7 10 11 11 10 7 3 0 0 0 0 0 0 0 1 2 3 3 3 3 3 4 4 5 5 4 3 1 0 1 1 2 2 1 1 0 0 0 0 0 0 0 0 0 0 0 0 0 0 0 0 3 27 86 178 221 177 73 0 0 13 42 72 114 131 103 45 1 0 1 8 10 11 11 8 6 4 4 
0 0 0 0 0 0 0 0 0 0 0 0 0 0 0 0 0 0 0 0 0 0 0 0 0 0 0 0 0 0 0 0 0 0 0 0 0 0 0 0 0 0 0 0 0 0 0 0 0 0 0 0 0 0 104 104 115 126 137 153 169 185 285 385 484 410 336 262 212 165 149 188 266 298 235 109 34 73 177 234 192 93 14 0 0 0 0 0 0 0 0 0 0 0 0 0 1 1 1 1 1 1 1 1 1 0 1 4 9 13 14 14 13 10 5 1 0 0 0 0 0 0 0 0 0 0 0 0 0 0 1 4 9 13 14 14 13 9 4 0 0 0 1 0 0 0 0 0 0 0 0 1 1 1 1 1 1 1 1 1 1 1 1 1 1 1 1 1 1 1 1 1 1 0 0 0 0 1 1 0 0 1 0 1 30 111 238 300 242 105 1 0 0 10 26 50 61 49 21 1 0 6 12 12 11 10 8 7 6 6 
0 0 0 0 0 0 0 0 0 0 0 0 0 0 0 0 0 0 0 0 0 0 0 0 0 0 0 0 0 0 0 0 0 0 0 0 0 0 0 0 0 0 0 0 0 0 0 0 0 0 0 0 0 0 104 104 115 126 137 138 139 141 279 416 553 446 339 193 167 179 191 192 192 177 135 70 35 62 126 160 131 65 12 0 0 0 0 0 0 0 0 0 0 0 0 0 0 1 1 1 1 1 1 1 1 0 1 4 8 11 12 12 11 8 4 1 0 0 0 0 0 0 0 0 0 0 0 0 0 0 1 4 8 12 13 13 11 9 4 1 1 1 2 1 1 0 0 0 0 0 2 4 3 0 0 0 0 1 2 3 5 7 11 12 10 5 1 0 0 1 0 0 0 0 0 0 1 3 5 8 11 15 10 4 25 98 216 274 222 98 5 0 15 35 38 37 32 24 11 2 2 7 10 10 9 7 6 5 4 4 
0 0 0 0 0 0 0 0 0 0 0 0 0 0 0 0 0 0 0 0 0 0 0 0 0 0 0 0 0 0 0 0 0 0 0 0 0 0 0 0 0 0 0 0 0 0 0 0 0 0 0 0 0 0 0 0 0 0 0 0 101 96 272 448 622 482 342 170 161 218 253 225 166 115 90 71 61 62 73 74 59 30 7 0 0 0 0 0 0 0 0 0 0 0 0 0 0 0 0 0 1 1 1 1 0 0 1 2 3 5 5 6 5 4 2 1 0 0 0 0 0 0 0 0 0 0 0 0 0 0 0 2 5 7 8 8 7 6 4 2 3 3 4 3 1 0 0 0 0 2 7 10 7 1 0 0 0 1 3 6 10 18 29 33 26 12 1 0 0 1 0 0 0 0 0 0 2 7 13 21 32 37 27 9 13 62 143 187 152 70 15 28 76 103 87 45 12 4 4 6 5 5 5 5 4 4 3 3 2 2 
0 0 0 0 0 0 0 0 0 0 0 0 0 0 0 0 0 0 0 0 0 0 0 0 0 0 0 0 0 0 0 0 0 0 0 0 0 0 0 0 0 0 0 0 0 0 0 0 0 0 0 0 0 0 0 0 0 0 0 0 52 53 266 478 688 517 345 175 216 256 297 254 163 93 77 80 79 64 40 20 12 7 5 2 2 1 0 0 0 0 0 0 0 0 0 0 0 0 0 0 0 0 0 0 0 0 0 0 0 0 0 1 1 1 1 1 1 0 0 0 0 0 0 0 0 0 0 0 0 0 0 1 3 4 5 4 4 4 4 4 4 5 5 4 2 1 0 0 1 4 10 13 11 5 1 0 0 2 4 7 13 23 38 44 35 16 1 0 0 1 1 1 1 1 0 1 4 9 17 28 43 50 38 14 7 34 84 113 94 47 24 56 122 155 125 55 1 0 0 8 7 4 2 1 1 1 1 1 0 0 
0 0 0 0 0 0 0 0 0 0 0 0 0 0 0 0 0 0 0 0 0 0 0 0 0 0 0 0 0 0 0 0 0 0 0 0 0 0 0 0 0 0 0 0 0 0 0 0 0 0 0 0 0 0 0 0 0 0 0 0 52 53 277 444 572 452 332 213 240 268 312 267 174 100 80 78 75 59 36 19 10 5 4 10 21 27 22 11 2 0 0 1 1 2 3 2 1 0 0 0 0 0 0 0 0 0 0 0 0 0 0 0 0 0 0 1 1 0 0 0 0 0 0 0 0 0 0 0 0 0 1 2 3 3 4 3 3 3 4 4 4 5 5 4 3 2 2 2 4 6 8 11 12 14 13 11 6 3 3 6 11 19 31 36 30 15 3 0 1 3 6 12 16 15 13 11 11 11 14 23 37 44 36 19 13 33 70 91 76 41 29 65 134 168 134 57 0 0 0 6 5 3 1 0 0 1 1 1 0 0 
0 0 0 0 0 0 0 0 0 0 0 0 0 0 0 0 0 0 0 0 0 0 0 0 0 0 0 0 0 0 0 0 0 0 0 0 0 0 0 0 0 0 0 0 0 0 0 0 0 0 0 0 0 0 0 0 0 0 0 0 0 0 0 399 456 388 319 252 265 279 313 278 208 145 111 81 60 52 52 49 35 14 5 20 52 69 58 30 7 1 1 3 4 6 7 6 2 0 0 0 0 0 0 0 0 0 0 0 0 0 0 0 0 0 0 0 0 0 0 0 0 0 0 0 0 0 0 0 1 1 2 2 3 3 3 3 3 3 4 4 4 4 4 4 3 3 5 8 9 8 4 5 13 27 34 28 14 3 1 3 5 9 14 17 15 9 5 3 2 5 14 30 39 39 33 26 20 12 8 12 21 27 27 24 27 43 68 82 69 40 32 68 133 165 134 61 4 0 0 3 3 2 1 0 0 1 1 0 0 0 
0 0 0 0 0 0 0 0 0 0 0 0 0 0 0 0 0 0 0 0 0 0 0 0 0 0 0 0 0 0 0 0 0 0 0 0 0 0 0 0 0 0 0 0 0 0 0 0 0 0 0 0 0 0 0 0 0 0 0 0 0 0 0 341 341 324 307 290 290 289 289 259 230 200 151 103 54 51 67 74 57 26 12 32 74 97 81 43 12 4 4 6 8 11 12 10 5 1 0 0 0 0 0 0 0 0 0 0 0 0 0 0 1 1 0 0 0 0 0 0 0 0 0 0 0 0 0 1 1 2 3 3 3 4 4 4 4 4 4 4 4 4 4 4 4 5 8 11 13 9 2 1 13 33 44 37 18 4 0 0 1 1 1 2 3 5 6 5 3 6 19 39 51 51 44 34 24 11 3 3 7 13 18 25 34 47 64 73 62 40 34 64 119 146 119 58 10 0 0 1 0 1 1 1 1 0 0 0 0 0 
0 0 0 0 0 0 0 0 0 0 0 0 0 0 0 0 0 0 0 0 0 0 0 0 0 0 0 0 0 0 0 0 0 0 0 0 0 0 0 0 0 0 0 0 0 0 0 0 0 0 0 0 0 0 0 0 0 0 0 0 0 0 0 341 341 341 340 340 300 260 221 232 244 256 194 132 64 55 70 79 65 40 29 45 78 95 79 44 16 8 8 10 11 15 16 13 6 2 1 3 4 3 0 0 0 0 0 0 0 0 1 3 3 3 2 1 0 0 1 1 0 1 2 3 4 3 2 1 1 0 0 0 0 0 2 4 6 6 6 6 6 6 6 6 7 8 10 13 14 10 4 3 12 28 36 30 15 3 0 0 0 0 0 0 0 3 5 4 3 5 15 32 42 42 36 28 20 9 1 1 4 8 13 20 27 37 50 56 50 36 33 54 91 108 89 45 11 1 0 0 0 0 1 0 0 0 1 1 1 1 
0 0 0 0 0 0 0 0 0 0 0 0 0 0 0 0 0 0 0 0 0 0 0 0 0 0 0 0 0 0 0 0 0 0 0 0 0 0 0 0 0 0 0 0 0 0 0 0 0 0 0 0 0 0 0 0 0 0 0 0 0 0 0 0 0 0 383 389 310 231 152 206 259 311 237 162 85 65 72 78 71 60 55 60 72 76 63 39 21 15 14 15 16 20 21 17 9 4 5 8 10 7 1 0 0 0 0 0 0 1 3 7 8 7 4 1 1 1 1 1 1 2 4 7 9 9 6 3 0 0 0 0 0 0 0 5 9 10 10 9 9 9 9 10 11 11 12 13 13 11 8 7 10 15 17 14 7 2 1 0 0 0 0 0 0 1 2 2 1 3 7 14 19 19 16 13 9 4 1 1 3 6 7 9 12 19 29 35 35 32 30 35 44 47 39 24 12 6 2 0 0 0 0 0 0 0 1 2 3 3 
0 0 0 0 0 0 0 0 0 0 0 0 0 0 0 0 0 0 0 0 0 0 0 0 0 0 0 0 0 0 0 0 0 0 0 0 0 0 0 0 0 0 0 0 0 0 0 0 0 0 0 0 0 0 0 0 0 0 0 0 0 0 0 0 0 0 439 439 320 202 85 179 273 365 278 190 103 94 84 74 72 70 68 65 62 59 50 37 27 23 22 22 23 25 25 20 11 6 8 13 15 12 6 1 0 0 0 1 1 2 5 9 11 9 5 2 1 1 2 2 1 2 5 10 13 12 8 5 4 5 5 5 5 5 7 9 11 12 11 11 11 11 11 12 13 13 13 12 11 11 11 10 8 5 2 1 1 1 1 1 1 1 1 1 1 1 1 1 1 1 1 1 1 1 1 1 1 0 0 2 4 5 4 1 1 5 12 19 25 32 33 26 12 2 2 8 11 9 5 1 0 0 0 0 0 0 1 3 4 4 
0 0 0 0 0 0 0 0 0 0 0 0 0 0 0 0 0 0 0 0 0 0 0 0 0 0 0 0 0 0 0 0 0 0 0 0 0 0 0 0 0 0 0 0 0 0 0 0 0 0 0 0 0 0 0 0 0 0 0 0 0 0 0 0 0 0 439 439 320 202 85 165 225 271 218 165 112 97 82 67 62 56 50 52 54 55 50 42 35 34 34 34 33 31 28 22 14 8 9 13 16 16 14 12 9 4 1 0 1 3 5 8 10 8 5 2 1 1 2 2 2 3 4 6 8 7 5 7 17 33 45 47 45 39 32 21 12 9 7 6 7 9 10 11 13 13 13 11 9 10 10 10 7 2 0 0 0 1 1 1 1 1 1 1 2 3 4 3 2 0 0 0 0 0 0 0 0 0 0 1 3 3 2 0 0 1 5 12 24 41 48 36 10 0 0 2 9 9 6 4 3 1 1 0 0 0 1 2 4 4 
0 0 0 0 0 0 0 0 0 0 0 0 0 0 0 0 0 0 0 0 0 0 0 0 0 0 0 0 0 0 0 0 0 0 0 0 0 0 0 0 0 0 0 0 0 0 0 0 0 0 0 0 0 0 0 0 0 0 0 0 0 0 0 0 0 0 0 0 0 0 0 0 163 176 158 139 120 100 81 61 51 41 32 39 45 53 53 50 47 48 51 51 46 39 31 24 16 11 10 13 16 21 28 30 24 11 2 0 2 4 5 6 6 5 3 2 1 1 2 2 3 4 2 0 0 0 0 9 36 79 109 115 109 94 73 39 13 3 0 0 0 4 7 9 11 12 11 9 7 7 8 7 5 2 0 0 0 0 1 1 1 1 0 1 3 8 10 8 4 0 0 0 0 0 0 0 0 0 0 1 1 2 1 0 0 0 1 9 28 58 72 57 23 0 0 0 4 6 8 8 7 3 1 0 0 0 1 2 3 3 
0 0 0 0 0 0 0 0 0 0 0 0 0 0 0 0 0 0 0 0 0 0 0 0 0 0 0 0 0 0 0 0 0 0 0 0 0 0 0 0 0 0 0 0 0 0 0 0 0 0 0 0 0 0 0 0 0 0 0 0 0 0 0 0 0 0 0 0 0 0 0 0 83 83 98 114 129 104 79 54 40 27 14 25 37 49 50 51 52 54 56 58 49 40 31 26 20 15 15 16 16 24 38 44 36 19 5 2 4 5 5 4 3 3 2 2 2 2 2 3 3 4 5 6 7 4 0 11 45 102 141 150 142 123 93 47 13 3 3 5 5 5 5 7 9 10 9 7 5 5 5 5 4 2 1 1 1 1 1 1 1 0 0 1 5 11 14 11 5 0 0 0 1 1 1 1 1 1 1 1 1 1 1 1 1 0 0 7 29 63 81 67 32 5 0 0 1 4 9 11 9 5 1 0 0 0 1 2 3 3 
0 0 0 0 0 0 0 0 0 0 0 0 0 0 0 0 0 0 0 0 0 0 0 0 0 0 0 0 0 0 0 0 0 0 0 0 0 0 0 0 0 0 0 0 0 0 0 0 0 0 0 0 0 0 0 0 0 0 0 0 0 0 0 0 0 0 0 0 0 0 0 0 83 83 98 114 129 104 79 54 35 20 9 18 28 37 38 38 39 40 42 44 37 30 23 23 23 23 21 18 16 25 42 50 43 26 12 8 7 7 5 3 2 1 2 2 3 4 5 4 1 4 17 38 49 39 16 10 35 82 116 122 116 100 75 36 11 13 29 38 32 16 5 3 6 8 8 6 5 5 4 4 3 2 1 1 2 2 2 1 1 0 0 1 5 11 15 12 6 1 0 0 1 1 0 0 0 1 1 1 1 1 1 1 1 0 0 4 21 49 64 54 28 7 1 0 0 3 8 11 9 5 1 0 0 0 1 1 2 2 
0 0 0 0 0 0 0 0 0 0 0 0 0 0 0 0 0 0 0 0 0 0 0 0 0 0 0 0 0 0 0 0 0 0 0 0 0 0 0 0 0 0 0 0 0 0 0 0 0 0 0 0 0 0 0 0 0 0 0 0 0 0 0 0 0 0 0 0 0 0 0 0 0 0 0 0 0 0 0 0 0 12 5 12 19 26 25 25 25 27 28 29 24 20 15 20 26 32 26 21 16 25 42 52 48 35 23 18 13 8 5 2 1 1 1 3 5 8 10 6 0 4 36 89 117 95 43 7 11 34 53 55 52 45 32 13 7 29 71 93 76 36 5 0 2 6 6 6 5 4 3 2 1 1 0 1 3 5 4 2 1 0 0 0 4 11 15 12 6 1 0 0 1 1 0 0 0 1 1 1 1 1 1 1 2 1 0 2 9 21 28 25 18 11 6 2 0 2 6 9 8 4 1 0 0 0 0 1 1 1 
0 0 0 0 0 0 0 0 0 0 0 0 0 0 0 0 0 0 0 0 0 0 0 0 0 0 0 0 0 0 0 0 0 0 0 0 0 0 0 0 0 0 0 0 0 0 0 0 0 0 0 0 0 0 0 0 0 0 0 0 0 0 0 0 0 0 0 0 0 0 0 0 0 0 0 0 0 0 0 0 0 0 0 5 10 14 13 13 12 13 14 15 12 9 7 18 29 39 31 23 15 26 37 48 41 35 28 22 16 10 8 7 5 4 4 4 7 11 13 7 0 4 46 116 151 124 57 5 0 0 4 4 4 5 1 0 5 38 93 121 100 47 5 0 0 5 5 5 5 4 3 1 0 0 0 2 4 6 5 3 1 1 0 1 5 10 13 11 5 1 0 1 1 1 1 1 1 1 1 1 1 1 1 2 2 2 2 1 1 0 1 4 9 12 9 4 0 2 5 8 6 3 0 0 0 0 0 0 0 0 
0 0 0 0 0 0 0 0 0 0 0 0 0 0 0 0 0 0 0 0 0 0 0 0 0 0 0 0 0 0 0 0 0 0 0 0 0 0 0 0 0 0 0 0 0 0 0 0 0 0 0 0 0 0 0 0 0 0 0 0 0 0 0 0 0 0 0 0 0 0 0 0 0 0 0 0 0 0 0 0 0 0 0 5 10 14 13 13 12 13 14 15 12 9 7 15 22 27 22 16 11 18 25 32 27 23 19 16 14 11 14 16 16 14 10 7 8 11 12 7 0 5 39 95 124 102 48 4 0 0 0 0 0 2 0 0 3 31 77 100 83 39 5 0 1 5 5 5 5 4 2 1 0 0 0 1 3 5 4 3 3 2 3 4 5 8 9 8 4 1 0 1 1 2 4 5 4 3 2 1 1 1 1 1 1 2 4 4 3 0 0 1 6 9 8 3 0 2 6 8 6 1 0 0 2 4 3 2 0 0 
0 0 0 0 0 0 0 0 0 0 0 0 0 0 0 0 0 0 0 0 0 0 0 0 0 0 0 0 0 0 0 0 0 0 0 0 0 0 0 0 0 0 0 0 0 0 0 0 0 0 0 0 0 0 0 0 0 0 0 0 0 0 0 0 0 0 0 0 0 0 0 0 0 0 0 0 0 0 0 0 0 0 0 0 0 0 0 0 0 0 0 0 0 0 0 0 13 14 12 10 8 10 13 15 13 11 9 10 11 12 19 26 35 31 20 12 9 9 9 6 3 6 21 45 57 47 23 4 0 0 0 1 11 17 13 5 3 15 36 48 40 21 6 2 3 5 5 5 5 4 2 0 0 0 0 0 1 2 3 3 4 5 7 8 7 5 4 3 2 1 1 1 2 4 8 10 9 5 2 1 0 0 0 0 1 4 8 10 9 7 5 4 4 4 3 1 0 3 8 9 6 0 0 0 5 8 5 3 1 1 
0 0 0 0 0 0 0 0 0 0 0 0 0 0 0 0 0 0 0 0 0 0 0 0 0 0 0 0 0 0 0 0 0 0 0 0 0 0 0 0 0 0 0 0 0 0 0 0 0 0 0 0 0 0 0 0 0 0 0 0 0 0 0 0 0 0 0 0 0 0 0 0 0 0 0 0 0 0 0 0 0 0 0 0 0 0 0 0 0 0 0 0 0 0 0 0 1 1 2 3 4 3 1 0 0 0 0 4 9 13 24 35 46 35 25 14 11 9 7 7 7 7 7 6 5 5 4 4 3 1 2 9 21 27 22 11 3 2 5 7 7 6 5 5 5 5 5 4 4 3 2 1 0 0 0 0 0 0 1 3 5 7 9 10 8 4 1 1 1 1 1 1 2 5 10 13 11 6 2 1 1 2 1 1 2 5 10 13 14 12 10 7 3 0 0 0 0 3 7 10 8 3 1 3 9 11 8 4 1 1 
0 0 0 0 0 0 0 0 0 0 0 0 0 0 0 0 0 0 0 0 0 0 0 0 0 0 0 0 0 0 0 0 0 0 0 0 0 0 0 0 0 0 0 0 0 0 0 0 0 0 0 0 0 0 0 0 0 0 0 0 0 0 0 0 0 0 0 0 0 0 0 0 0 0 0 0 0 0 0 0 0 0 0 0 0 0 0 0 0 0 0 0 0 0 0 0 1 1 2 3 4 3 1 0 0 0 0 3 6 9 18 28 37 28 20 11 10 8 7 8 8 9 4 0 0 0 0 5 5 3 4 10 19 24 21 12 4 1 0 0 0 2 4 4 4 4 4 3 3 2 2 2 2 3 4 3 1 0 0 3 5 6 8 8 7 5 4 3 3 3 2 1 2 4 8 11 9 4 1 2 5 7 7 5 5 6 9 11 11 10 8 6 2 0 0 0 0 2 4 7 12 19 22 21 15 8 6 3 1 1 
0 0 0 0 0 0 0 0 0 0 0 0 0 0 0 0 0 0 0 0 0 0 0 0 0 0 0 0 0 0 0 0 0 0 0 0 0 0 0 0 0 0 0 0 0 0 0 0 0 0 0 0 0 0 0 0 0 0 0 0 0 0 0 0 0 0 0 0 0 0 0 0 0 0 0 0 0 0 0 0 0 0 0 0 0 0 0 0 0 0 0 0 0 0 0 0 0 0 0 0 0 0 0 0 0 0 0 0 3 4 12 20 28 22 15 8 8 8 7 8 10 12 6 0 0 0 0 5 7 7 8 10 14 16 15 10 6 4 1 0 0 0 1 2 2 2 2 1 1 1 3 4 6 9 10 7 3 0 0 2 3 4 4 5 6 9 10 9 7 4 3 2 1 2 4 5 4 1 1 5 12 17 16 13 10 8 7 6 5 5 4 3 2 0 0 0 0 0 0 3 19 44 58 48 24 5 3 2 1 1 
0 0 0 0 0 0 0 0 0 0 0 0 0 0 0 0 0 0 0 0 0 0 0 0 0 0 0 0 0 0 0 0 0 0 0 0 0 0 0 0 0 0 0 0 0 0 0 0 0 0 0 0 0 0 0 0 0 0 0 0 0 0 0 0 0 0 0 0 0 0 0 0 0 0 0 0 0 0 0 0 0 0 0 0 0 0 0 0 0 0 0 0 0 0 0 0 0 0 0 0 0 0 0 0 0 0 0 0 0 0 6 13 20 15 10 6 6 7 7 9 11 13 10 8 5 5 6 6 10 14 17 15 12 10 9 9 8 7 5 3 2 1 1 1 1 1 1 0 0 1 3 5 8 12 13 10 4 0 0 1 2 2 1 1 5 10 13 12 9 5 4 2 1 1 1 1 0 0 1 6 15 21 21 17 13 9 5 1 1 1 1 1 1 1 1 1 1 0 0 0 22 57 76 62 28 1 1 1 1 1 
0 0 0 0 0 0 0 0 0 0 0 0 0 0 0 0 0 0 0 0 0 0 0 0 0 0 0 0 0 0 0 0 0 0 0 0 0 0 0 0 0 0 0 0 0 0 0 0 0 0 0 0 0 0 0 0 0 0 0 0 0 0 0 0 0 0 0 0 0 0 0 0 0 0 0 0 0 0 0 0 0 0 0 0 0 0 0 0 0 0 0 0 0 0 0 0 0 0 0 0 0 0 0 0 0 0 0 0 0 0 6 13 20 15 10 6 5 5 5 7 8 10 21 33 44 31 19 7 17 28 39 29 19 9 7 8 9 8 6 5 4 4 4 3 2 1 0 0 0 0 2 4 6 9 10 9 6 4 3 3 2 1 0 0 3 8 11 10 7 5 3 2 1 1 1 1 0 0 1 6 13 18 17 14 11 7 3 0 0 0 0 0 0 0 1 3 4 1 0 0 17 47 62 51 22 1 2 3 5 5 
0 0 0 0 0 0 0 0 0 0 0 0 0 0 0 0 0 0 0 0 0 0 0 0 0 0 0 0 0 0 0 0 0 0 0 0 0 0 0 0 0 0 0 0 0 0 0 0 0 0 0 0 0 0 0 0 0 0 0 0 0 0 0 0 0 0 0 0 0 0 0 0 0 0 0 0 0 0 0 0 0 0 0 0 0 0 0 0 0 0 0 0 0 0 0 0 0 0 0 0 0 0 0 0 0 0 0 0 0 0 0 0 0 0 0 0 0 3 2 4 5 7 32 58 82 57 32 7 25 43 61 43 26 9 5 7 9 9 8 7 8 9 9 7 4 2 0 0 0 0 0 1 2 3 4 6 8 9 8 5 3 1 0 0 1 3 5 4 4 3 2 1 1 1 2 2 2 1 1 3 7 9 8 7 5 4 2 1 0 0 0 0 0 0 2 7 9 6 1 0 7 20 28 23 10 1 3 6 8 8 
0 0 0 0 0 0 0 0 0 0 0 0 0 0 0 0 0 0 0 0 0 0 0 0 0 0 0 0 0 0 0 0 0 0 0 0 0 0 0 0 0 0 0 0 0 0 0 0 0 0 0 0 0 0 0 0 0 0 0 0 0 0 0 0 0 0 0 0 0 0 0 0 0 0 0 0 0 0 0 0 0 0 0 0 0 0 0 0 0 0 0 0 0 0 0 0 0 0 0 0 0 0 0 0 0 0 0 0 0 0 0 0 0 0 0 0 0 0 0 1 2 4 43 82 120 83 45 8 33 57 81 57 32 8 8 9 9 9 9 9 10 11 12 9 6 2 1 0 0 0 0 0 0 0 0 3 9 12 10 6 2 1 1 1 1 0 0 1 2 2 2 1 1 1 3 3 3 2 1 1 2 2 2 1 1 1 1 1 1 1 1 1 0 0 3 9 11 9 5 1 0 1 1 1 0 1 5 8 11 11 
0 0 0 0 0 0 0 0 0 0 0 0 0 0 0 0 0 0 0 0 0 0 0 0 0 0 0 0 0 0 0 0 0 0 0 0 0 0 0 0 0 0 0 0 0 0 0 0 0 0 0 0 0 0 0 0 0 0 0 0 0 0 0 0 0 0 0 0 0 0 0 0 0 0 0 0 0 0 0 0 0 0 0 0 0 0 0 0 0 0 0 0 0 0 0 0 0 0 0 0 0 0 0 0 0 0 0 0 0 0 0 0 0 0 0 0 0 0 0 1 2 4 43 82 120 83 45 8 28 43 55 38 22 5 6 7 8 8 8 8 8 9 10 8 5 3 2 1 1 1 0 0 0 0 0 2 8 11 9 5 2 2 3 4 3 1 0 1 3 4 4 3 2 2 2 3 2 2 1 1 0 0 0 0 0 0 1 1 2 3 4 4 3 3 5 8 9 9 7 4 1 0 0 0 0 1 3 5 8 8 
0 0 0 0 0 0 0 0 0 0 0 0 0 0 0 0 0 0 0 0 0 0 0 0 0 0 0 0 0 0 0 0 0 0 0 0 0 0 0 0 0 0 0 0 0 0 0 0 0 0 0 0 0 0 0 0 0 0 0 0 0 0 0 0 0 0 0 0 0 0 0 0 0 0 0 0 0 0 0 0 0 0 0 0 0 0 0 0 0 0 0 0 0 0 0 0 0 0 0 0 0 0 0 0 0 0 0 0 0 0 0 0 0 0 0 0 0 0 0 0 0 0 0 0 0 0 0 0 0 25 28 19 11 2 4 5 6 6 6 6 6 7 7 6 5 4 3 3 2 2 2 2 1 0 0 2 5 6 5 2 0 3 7 10 8 4 2 3 6 8 7 5 3 3 2 1 1 1 0 0 1 1 1 0 0 0 1 1 3 6 8 8 8 8 7 5 5 6 8 9 6 1 0 0 0 1 2 3 4 4 
0 0 0 0 0 0 0 0 0 0 0 0 0 0 0 0 0 0 0 0 0 0 0 0 0 0 0 0 0 0 0 0 0 0 0 0 0 0 0 0 0 0 0 0 0 0 0 0 0 0 0 0 0 0 0 0 0 0 0 0 0 0 0 0 0 0 0 0 0 0 0 0 0 0 0 0 0 0 0 0 0 0 0 0 0 0 0 0 0 0 0 0 0 0 0 0 0 0 0 0 0 0 0 0 0 0 0 0 0 0 0 0 0 0 0 0 0 0 0 0 0 0 0 0 0 0 0 0 0 1 1 1 0 0 1 3 5 5 5 5 5 5 5 5 5 5 4 4 3 3 3 3 2 2 1 2 3 3 2 0 0 3 9 13 11 6 3 4 8 10 9 6 4 3 2 1 1 1 2 2 2 1 1 1 1 1 0 1 4 8 12 12 12 11 8 3 1 3 9 11 9 5 1 0 0 1 1 1 0 0 
0 0 0 0 0 0 0 0 0 0 0 0 0 0 0 0 0 0 0 0 0 0 0 0 0 0 0 0 0 0 0 0 0 0 0 0 0 0 0 0 0 0 0 0 0 0 0 0 0 0 0 0 0 0 0 0 0 0 0 0 0 0 0 0 0 0 0 0 0 0 0 0 0 0 0 0 0 0 0 0 0 0 0 0 0 0 0 0 0 0 0 0 0 0 0 0 0 0 0 0 0 0 0 0 0 0 0 0 0 0 0 0 0 0 0 0 0 0 0 0 0 0 0 0 0 0 0 0 0 1 1 1 0 0 1 3 5 5 5 5 4 4 4 4 4 4 4 4 3 3 3 3 3 2 2 2 3 3 2 0 0 2 7 10 9 5 2 3 6 7 7 5 4 3 2 2 3 5 6 5 3 1 1 1 1 1 0 1 5 10 14 14 12 9 6 2 0 2 6 9 8 4 1 0 0 1 1 0 0 0 
0 0 0 0 0 0 0 0 0 0 0 0 0 0 0 0 0 0 0 0 0 0 0 0 0 0 0 0 0 0 0 0 0 0 0 0 0 0 0 0 0 0 0 0 0 0 0 0 0 0 0 0 0 0 0 0 0 0 0 0 0 0 0 0 0 0 0 0 0 0 0 0 0 0 0 0 0 0 0 0 0 0 0 0 0 0 0 0 0 0 0 0 0 0 0 0 0 0 0 0 0 0 0 0 0 0 0 0 0 0 0 0 0 0 0 0 0 0 0 0 0 0 0 0 0 0 0 0 0 0 0 0 0 0 0 0 0 0 0 0 0 3 2 3 3 3 3 3 3 3 3 3 3 3 3 3 4 3 2 1 0 1 3 4 3 1 0 0 2 2 3 3 3 3 3 4 7 12 14 11 5 1 0 1 2 2 1 1 6 13 17 15 9 5 2 1 0 1 3 4 3 2 1 0 0 0 0 0 0 0 
0 0 0 0 0 0 0 0 0 0 0 0 0 0 0 0 0 0 0 0 0 0 0 0 0 0 0 0 0 0 0 0 0 0 0 0 0 0 0 0 0 0 0 0 0 0 0 0 0 0 0 0 0 0 0 0 0 0 0 0 0 0 0 0 0 0 0 0 0 0 0 0 0 0 0 0 0 0 0 0 0 0 0 0 0 0 0 0 0 0 0 0 0 0 0 0 0 0 0 0 0 0 0 0 0 0 0 0 0 0 0 0 0 0 0 0 0 0 0 0 0 0 0 0 0 0 0 0 0 0 0 0 0 0 0 0 0 0 0 0 0 1 1 2 2 3 3 3 3 3 3 3 3 4 4 4 4 4 3 1 0 0 0 0 0 0 0 0 0 0 0 1 2 3 3 5 10 16 19 15 7 1 1 2 3 2 1 1 6 13 17 14 7 1 0 1 1 1 0 0 0 0 0 0 0 0 0 0 0 0 
0 0 0 0 0 0 0 0 0 0 0 0 0 0 0 0 0 0 0 0 0 0 0 0 0 0 0 0 0 0 0 0 0 0 0 0 0 0 0 0 0 0 0 0 0 0 0 0 0 0 0 0 0 0 0 0 0 0 0 0 0 0 0 0 0 0 0 0 0 0 0 0 0 0 0 0 0 0 0 0 0 0 0 0 0 0 0 0 0 0 0 0 0 0 0 0 0 0 0 0 0 0 0 0 0 0 0 0 0 0 0 0 0 0 0 0 0 0 0 0 0 0 0 0 0 0 0 0 0 0 0 0 0 0 0 0 0 0 0 0 0 1 1 2 2 3 3 3 3 4 4 4 4 4 4 4 4 4 3 2 2 1 1 0 1 2 3 3 2 1 1 1 2 2 3 5 9 15 18 15 8 3 2 3 4 3 1 1 5 11 15 12 5 0 0 2 4 3 1 0 0 0 0 1 0 0 0 0 0 0 
0 0 0 0 0 0 0 0 0 0 0 0 0 0 0 0 0 0 0 0 0 0 0 0 0 0 0 0 0 0 0 0 0 0 0 0 0 0 0 0 0 0 0 0 0 0 0 0 0 0 0 0 0 0 0 0 0 0 0 0 0 0 0 0 0 0 0 0 0 0 0 0 0 0 0 0 0 0 0 0 0 0 0 0 0 0 0 0 0 0 0 0 0 0 0 0 0 0 0 0 0 0 0 0 0 0 0 0 0 0 0 0 0 0 0 0 0 0 0 0 0 0 0 0 0 0 0 0 0 0 0 0 0 0 0 0 0 0 0 0 0 0 0 0 0 0 0 0 0 0 4 4 4 4 4 3 3 3 3 3 3 3 3 2 4 7 9 9 6 4 3 2 1 2 3 5 8 12 14 13 9 6 5 4 4 2 1 1 3 7 10 8 3 1 2 6 8 7 3 0 0 0 1 1 1 1 1 1 1 1 
0 0 0 0 0 0 0 0 0 0 0 0 0 0 0 0 0 0 0 0 0 0 0 0 0 0 0 0 0 0 0 0 0 0 0 0 0 0 0 0 0 0 0 0 0 0 0 0 0 0 0 0 0 0 0 0 0 0 0 0 0 0 0 0 0 0 0 0 0 0 0 0 0 0 0 0 0 0 0 0 0 0 0 0 0 0 0 0 0 0 0 0 0 0 0 0 0 0 0 0 0 0 0 0 0 0 0 0 0 0 0 0 0 0 0 0 0 0 0 0 0 0 0 0 0 0 0 0 0 0 0 0 0 0 0 0 0 0 0 0 0 0 0 0 0 0 0 0 0 0 5 5 4 4 3 3 3 3 3 4 4 4 5 5 7 10 13 11 9 7 5 3 1 2 3 5 7 9 10 11 11 10 9 6 4 3 1 1 2 6 8 6 3 1 4 9 11 9 5 1 0 0 1 1 1 1 1 1 1 1 
0 0 0 0 0 0 0 0 0 0 0 0 0 0 0 0 0 0 0 0 0 0 0 0 0 0 0 0 0 0 0 0 0 0 0 0 0 0 0 0 0 0 0 0 0 0 0 0 0 0 0 0 0 0 0 0 0 0 0 0 0 0 0 0 0 0 0 0 0 0 0 0 0 0 0 0 0 0 0 0 0 0 0 0 0 0 0 0 0 0 0 0 0 0 0 0 0 0 0 0 0 0 0 0 0 0 0 0 0 0 0 0 0 0 0 0 0 0 0 0 0 0 0 0 0 0 0 0 0 0 0 0 0 0 0 0 0 0 0 0 0 0 0 0 0 0 0 0 0 0 5 5 4 4 3 3 3 3 3 3 3 4 5 5 7 9 10 9 8 6 5 3 1 2 5 7 7 7 7 11 16 19 17 11 6 3 1 1 4 9 12 10 4 1 4 9 13 11 5 1 0 1 1 1 1 1 1 1 1 1 
0 0 0 0 0 0 0 0 0 0 0 0 0 0 0 0 0 0 0 0 0 0 0 0 0 0 0 0 0 0 0 0 0 0 0 0 0 0 0 0 0 0 0 0 0 0 0 0 0 0 0 0 0 0 0 0 0 0 0 0 0 0 0 0 0 0 0 0 0 0 0 0 0 0 0 0 0 0 0 0 0 0 0 0 0 0 0 0 0 0 0 0 0 0 0 0 0 0 0 0 0 0 0 0 0 0 0 0 0 0 0 0 0 0 0 0 0 0 0 0 0 0 0 0 0 0 0 0 0 0 0 0 0 0 0 0 0 0 0 0 0 0 0 0 0 0 0 0 0 0 0 0 0 0 0 0 0 0 0 2 2 3 5 6 7 7 7 7 6 6 4 3 1 3 7 10 8 4 4 11 24 31 27 17 7 4 2 3 8 16 21 16 7 1 3 9 13 11 5 1 0 1 1 1 1 1 1 1 1 1 
0 0 0 0 0 0 0 0 0 0 0 0 0 0 0 0 0 0 0 0 0 0 0 0 0 0 0 0 0 0 0 0 0 0 0 0 0 0 0 0 0 0 0 0 0 0 0 0 0 0 0 0 0 0 0 0 0 0 0 0 0 0 0 0 0 0 0 0 0 0 0 0 0 0 0 0 0 0 0 0 0 0 0 0 0 0 0 0 0 0 0 0 0 0 0 0 0 0 0 0 0 0 0 0 0 0 0 0 0 0 0 0 0 0 0 0 0 0 0 0 0 0 0 0 0 0 0 0 0 0 0 0 0 0 0 0 0 0 0 0 0 0 0 0 0 0 0 0 0 0 0 0 0 0 0 0 0 0 0 1 1 3 5 7 6 5 5 5 5 5 4 3 2 5 9 13 9 5 1 11 27 37 32 19 8 4 2 3 9 20 25 20 8 1 2 8 12 10 5 1 0 1 1 1 1 1 1 1 1 1 
0 0 0 0 0 0 0 0 0 0 0 0 0 0 0 0 0 0 0 0 0 0 0 0 0 0 0 0 0 0 0 0 0 0 0 0 0 0 0 0 0 0 0 0 0 0 0 0 0 0 0 0 0 0 0 0 0 0 0 0 0 0 0 0 0 0 0 0 0 0 0 0 0 0 0 0 0 0 0 0 0 0 0 0 0 0 0 0 0 0 0 0 0 0 0 0 0 0 0 0 0 0 0 0 0 0 0 0 0 0 0 0 0 0 0 0 0 0 0 0 0 0 0 0 0 0 0 0 0 0 0 0 0 0 0 0 0 0 0 0 0 0 0 0 0 0 0 0 0 0 0 0 0 0 0 0 0 0 0 1 1 3 5 7 6 5 5 5 4 4 5 5 6 8 11 13 10 6 0 4 20 29 26 15 6 3 2 3 8 16 20 16 7 1 2 6 9 8 4 1 1 1 1 1 1 1 2 3 5 5 
0 0 0 0 0 0 0 0 0 0 0 0 0 0 0 0 0 0 0 0 0 0 0 0 0 0 0 0 0 0 0 0 0 0 0 0 0 0 0 0 0 0 0 0 0 0 0 0 0 0 0 0 0 0 0 0 0 0 0 0 0 0 0 0 0 0 0 0 0 0 0 0 0 0 0 0 0 0 0 0 0 0 0 0 0 0 0 0 0 0 0 0 0 0 0 0 0 0 0 0 0 0 0 0 0 0 0 0 0 0 0 0 0 0 0 0 0 0 0 0 0 0 0 0 0 0 0 0 0 0 0 0 0 0 0 0 0 0 0 0 0 0 0 0 0 0 0 0 0 0 0 0 0 0 0 0 0 0 0 0 0 0 0 0 0 0 0 0 4 4 6 8 10 11 12 14 10 7 0 0 5 13 12 7 2 1 1 2 4 7 9 7 3 1 1 2 4 3 3 2 2 1 1 1 1 1 3 6 8 8 
0 0 0 0 0 0 0 0 0 0 0 0 0 0 0 0 0 0 0 0 0 0 0 0 0 0 0 0 0 0 0 0 0 0 0 0 0 0 0 0 0 0 0 0 0 0 0 0 0 0 0 0 0 0 0 0 0 0 0 0 0 0 0 0 0 0 0 0 0 0 0 0 0 0 0 0 0 0 0 0 0 0 0 0 0 0 0 0 0 0 0 0 0 0 0 0 0 0 0 0 0 0 0 0 0 0 0 0 0 0 0 0 0 0 0 0 0 0 0 0 0 0 0 0 0 0 0 0 0 0 0 0 0 0 0 0 0 0 0 0 0 0 0 0 0 0 0 0 0 0 0 0 0 0 0 0 0 0 0 0 0 0 0 0 0 0 0 0 3 3 7 10 14 14 14 14 11 8 5 3 2 0 0 0 0 0 1 2 2 1 1 0 1 0 0 0 0 0 1 2 2 2 1 1 0 1 5 8 11 11 
0 0 0 0 0 0 0 0 0 0 0 0 0 0 0 0 0 0 0 0 0 0 0 0 0 0 0 0 0 0 0 0 0 0 0 0 0 0 0 0 0 0 0 0 0 0 0 0 0 0 0 0 0 0 0 0 0 0 0 0 0 0 0 0 0 0 0 0 0 0 0 0 0 0 0 0 0 0 0 0 0 0 0 0 0 0 0 0 0 0 0 0 0 0 0 0 0 0 0 0 0 0 0 0 0 0 0 0 0 0 0 0 0 0 0 0 0 0 0 0 0 0 0 0 0 0 0 0 0 0 0 0 0 0 0 0 0 0 0 0 0 0 0 0 0 0 0 0 0 0 0 0 0 0 0 0 0 0 0 0 0 0 0 0 0 0 0 0 3 3 7 10 14 12 11 10 29 49 67 45 22 0 0 0 0 1 2 2 2 0 0 0 0 0 0 0 0 0 1 2 2 1 1 0 0 1 3 5 7 7 
0 0 0 0 0 0 0 0 0 0 0 0 0 0 0 0 0 0 0 0 0 0 0 0 0 0 0 0 0 0 0 0 0 0 0 0 0 0 0 0 0 0 0 0 0 0 0 0 0 0 0 0 0 0 0 0 0 0 0 0 0 0 0 0 0 0 0 0 0 0 0 0 0 0 0 0 0 0 0 0 0 0 0 0 0 0 0 0 0 0 0 0 0 0 0 0 0 0 0 0 0 0 0 0 0 0 0 0 0 0 0 0 0 0 0 0 0 0 0 0 0 0 0 0 0 0 0 0 0 0 0 0 0 0 0 0 0 0 0 0 0 0 0 0 0 0 0 0 0 0 0 0 0 0 0 0 0 0 0 0 0 0 0 0 0 0 0 0 0 0 0 0 0 0 7 7 48 89 130 86 43 0 0 0 0 1 2 4 3 1 0 0 0 0 0 0 0 0 0 0 0 0 0 0 0 0 1 2 4 4 
0 0 0 0 0 0 0 0 0 0 0 0 0 0 0 0 0 0 0 0 0 0 0 0 0 0 0 0 0 0 0 0 0 0 0 0 0 0 0 0 0 0 0 0 0 0 0 0 0 0 0 0 0 0 0 0 0 0 0 0 0 0 0 0 0 0 0 0 0 0 0 0 0 0 0 0 0 0 0 0 0 0 0 0 0 0 0 0 0 0 0 0 0 0 0 0 0 0 0 0 0 0 0 0 0 0 0 0 0 0 0 0 0 0 0 0 0 0 0 0 0 0 0 0 0 0 0 0 0 0 0 0 0 0 0 0 0 0 0 0 0 0 0 0 0 0 0 0 0 0 0 0 0 0 0 0 0 0 0 0 0 0 0 0 0 0 0 0 0 0 0 0 0 0 2 3 66 130 191 127 63 0 0 0 0 1 3 4 3 1 0 0 0 0 0 0 1 0 0 0 0 0 0 0 0 0 0 0 0 0 
0 0 0 0 0 0 0 0 0 0 0 0 0 0 0 0 0 0 0 0 0 0 0 0 0 0 0 0 0 0 0 0 0 0 0 0 0 0 0 0 0 0 0 0 0 0 0 0 0 0 0 0 0 0 0 0 0 0 0 0 0 0 0 0 0 0 0 0 0 0 0 0 0 0 0 0 0 0 0 0 0 0 0 0 0 0 0 0 0 0 0 0 0 0 0 0 0 0 0 0 0 0 0 0 0 0 0 0 0 0 0 0 0 0 0 0 0 0 0 0 0 0 0 0 0 0 0 0 0 0 0 0 0 0 0 0 0 0 0 0 0 0 0 0 0 0 0 0 0 0 0 0 0 0 0 0 0 0 0 0 0 0 0 0 0 0 0 0 0 0 0 0 0 0 2 3 66 130 191 127 63 0 2 4 6 5 4 3 2 1 0 0 2 3 3 1 0 0 0 0 0 0 0 0 0 0 0 0 0 0 
0 0 0 0 0 0 0 0 0 0 0 0 0 0 0 0 0 0 0 0 0 0 0 0 0 0 0 0 0 0 0 0 0 0 0 0 0 0 0 0 0 0 0 0 0 0 0 0 0 0 0 0 0 0 0 0 0 0 0 0 0 0 0 0 0 0 0 0 0 0 0 0 0 0 0 0 0 0 0 0 0 0 0 0 0 0 0 0 0 0 0 0 0 0 0 0 0 0 0 0 0 0 0 0 0 0 0 0 0 0 0 0 0 0 0 0 0 0 0 0 0 0 0 0 0 0 0 0 0 0 0 0 0 0 0 0 0 0 0 0 0 0 0 0 0 0 0 0 0 0 0 0 0 0 0 0 0 0 0 0 0 0 0 0 0 0 0 0 0 0 0 0 0 0 0 0 0 0 0 0 0 0 0 11 12 9 5 1 1 0 0 2 7 9 7 3 0 0 0 0 0 0 0 0 0 0 0 0 0 0 
0 0 0 0 0 0 0 0 0 0 0 0 0 0 0 0 0 0 0 0 0 0 0 0 0 0 0 0 0 0 0 0 0 0 0 0 0 0 0 0 0 0 0 0 0 0 0 0 0 0 0 0 0 0 0 0 0 0 0 0 0 0 0 0 0 0 0 0 0 0 0 0 0 0 0 0 0 0 0 0 0 0 0 0 0 0 0 0 0 0 0 0 0 0 0 0 0 0 0 0 0 0 0 0 0 0 0 0 0 0 0 0 0 0 0 0 0 0 0 0 0 0 0 0 0 0 0 0 0 0 0 0 0 0 0 0 0 0 0 0 0 0 0 0 0 0 0 0 0 0 0 0 0 0 0 0 0 0 0 0 0 0 0 0 0 0 0 0 0 0 0 0 0 0 0 0 0 0 0 0 0 0 0 19 18 12 6 0 0 0 0 3 9 12 10 4 0 0 0 0 0 0 0 0 0 0 0 0 0 0 
0 0 0 0 0 0 0 0 0 0 0 0 0 0 0 0 0 0 0 0 0 0 0 0 0 0 0 0 0 0 0 0 0 0 0 0 0 0 0 0 0 0 0 0 0 0 0 0 0 0 0 0 0 0 0 0 0 0 0 0 0 0 0 0 0 0 0 0 0 0 0 0 0 0 0 0 0 0 0 0 0 0 0 0 0 0 0 0 0 0 0 0 0 0 0 0 0 0 0 0 0 0 0 0 0 0 0 0 0 0 0 0 0 0 0 0 0 0 0 0 0 0 0 0 0 0 0 0 0 0 0 0 0 0 0 0 0 0 0 0 0 0 0 0 0 0 0 0 0 0 0 0 0 0 0 0 0 0 0 0 0 0 0 0 0 0 0 0 0 0 0 0 0 0 0 0 0 0 0 0 0 0 0 19 18 10 4 0 0 0 0 3 7 10 8 3 0 0 0 0 0 0 0 0 0 0 0 0 0 0 
0 0 0 0 0 0 0 0 0 0 0 0 0 0 0 0 0 0 0 0 0 0 0 0 0 0 0 0 0 0 0 0 0 0 0 0 0 0 0 0 0 0 0 0 0 0 0 0 0 0 0 0 0 0 0 0 0 0 0 0 0 0 0 0 0 0 0 0 0 0 0 0 0 0 0 0 0 0 0 0 0 0 0 0 0 0 0 0 0 0 0 0 0 0 0 0 0 0 0 0 0 0 0 0 0 0 0 0 0 0 0 0 0 0 0 0 0 0 0 0 0 0 0 0 0 0 0 0 0 0 0 0 0 0 0 0 0 0 0 0 0 0 0 0 0 0 0 0 0 0 0 0 0 0 0 0 0 0 0 0 0 0 0 0 0 0 0 0 0 0 0 0 0 0 0 0 0 0 0 0 0 0 0 0 0 0 2 0 0 0 0 1 3 4 4 2 0 0 0 0 0 0 0 0 0 0 0 0 0 0 
0 0 0 0 0 0 0 0 0 0 0 0 0 0 0 0 0 0 0 0 0 0 0 0 0 0 0 0 0 0 0 0 0 0 0 0 0 0 0 0 0 0 0 0 0 0 0 0 0 0 0 0 0 0 0 0 0 0 0 0 0 0 0 0 0 0 0 0 0 0 0 0 0 0 0 0 0 0 0 0 0 0 0 0 0 0 0 0 0 0 0 0 0 0 0 0 0 0 0 0 0 0 0 0 0 0 0 0 0 0 0 0 0 0 0 0 0 0 0 0 0 0 0 0 0 0 0 0 0 0 0 0 0 0 0 0 0 0 0 0 0 0 0 0 0 0 0 0 0 0 0 0 0 0 0 0 0 0 0 0 0 0 0 0 0 0 0 0 0 0 0 0 0 0 0 0 0 0 0 0 0 0 0 0 0 0 0 0 0 0 0 0 0 0 0 0 0 0 0 0 0 0 0 0 0 0 0 0 0 0 
0 0 0 0 0 0 0 0 0 0 0 0 0 0 0 0 0 0 0 0 0 0 0 0 0 0 0 0 0 0 0 0 0 0 0 0 0 0 0 0 0 0 0 0 0 0 0 0 0 0 0 0 0 0 0 0 0 0 0 0 0 0 0 0 0 0 0 0 0 0 0 0 0 0 0 0 0 0 0 0 0 0 0 0 0 0 0 0 0 0 0 0 0 0 0 0 0 0 0 0 0 0 0 0 0 0 0 0 0 0 0 0 0 0 0 0 0 0 0 0 0 0 0 0 0 0 0 0 0 0 0 0 0 0 0 0 0 0 0 0 0 0 0 0 0 0 0 0 0 0 0 0 0 0 0 0 0 0 0 0 0 0 0 0 0 0 0 0 0 0 0 0 0 0 0 0 0 0 0 0 0 0 0 0 0 0 6 0 0 0 0 0 0 0 0 0 0 0 0 0 0 0 0 0 0 0 0 0 0 0 
0 0 0 0 0 0 0 0 0 0 0 0 0 0 0 0 0 0 0 0 0 0 0 0 0 0 0 0 0 0 0 0 0 0 0 0 0 0 0 0 0 0 0 0 0 0 0 0 0 0 0 0 0 0 0 0 0 0 0 0 0 0 0 0 0 0 0 0 0 0 0 0 0 0 0 0 0 0 0 0 0 0 0 0 0 0 0 0 0 0 0 0 0 0 0 0 0 0 0 0 0 0 0 0 0 0 0 0 0 0 0 0 0 0 0 0 0 0 0 0 0 0 0 0 0 0 0 0 0 0 0 0 0 0 0 0 0 0 0 0 0 0 0 0 0 0 0 0 0 0 0 0 0 0 0 0 0 0 0 0 0 0 0 0 0 0 0 0 0 0 0 0 0 0 0 0 0 0 0 0 0 0 0 45 45 26 11 0 0 0 0 0 0 0 0 0 0 0 0 1 0 0 0 0 0 0 0 0 0 0 
0 0 0 0 0 0 0 0 0 0 0 0 0 0 0 0 0 0 0 0 0 0 0 0 0 0 0 0 0 0 0 0 0 0 0 0 0 0 0 0 0 0 0 0 0 0 0 0 0 0 0 0 0 0 0 0 0 0 0 0 0 0 0 0 0 0 0 0 0 0 0 0 0 0 0 0 0 0 0 0 0 0 0 0 0 0 0 0 0 0 0 0 0 0 0 0 0 0 0 0 0 0 0 0 0 0 0 0 0 0 0 0 0 0 0 0 0 0 0 0 0 0 0 0 0 0 0 0 0 0 0 0 0 0 0 0 0 0 0 0 0 0 0 0 0 0 0 0 0 0 0 0 0 0 0 0 0 0 0 0 0 0 0 0 0 0 0 0 0 0 0 0 0 0 0 0 0 0 0 0 0 0 0 45 45 30 15 0 0 0 0 0 0 0 0 0 0 0 1 1 1 0 0 0 0 0 0 0 0 0 
0 0 0 0 0 0 0 0 0 0 0 0 0 0 0 0 0 0 0 0 0 0 0 0 0 0 0 0 0 0 0 0 0 0 0 0 0 0 0 0 0 0 0 0 0 0 0 0 0 0 0 0 0 0 0 0 0 0 0 0 0 0 0 0 0 0 0 0 0 0 0 0 0 0 0 0 0 0 0 0 0 0 0 0 0 0 0 0 0 0 0 0 0 0 0 0 0 0 0 0 0 0 0 0 0 0 0 0 0 0 0 0 0 0 0 0 0 0 0 0 0 0 0 0 0 0 0 0 0 0 0 0 0 0 0 0 0 0 0 0 0 0 0 0 0 0 0 0 0 0 0 0 0 0 0 0 0 0 0 0 0 0 0 0 0 0 0 0 0 0 0 0 0 0 0 0 0 0 0 0 0 0 0 45 45 26 11 1 2 3 4 3 2 1 1 0 0 0 0 1 1 0 0 0 0 0 0 0 0 0 
0 0 0 0 0 0 0 0 0 0 0 0 0 0 0 0 0 0 0 0 0 0 0 0 0 0 0 0 0 0 0 0 0 0 0 0 0 0 0 0 0 0 0 0 0 0 0 0 0 0 0 0 0 0 0 0 0 0 0 0 0 0 0 0 0 0 0 0 0 0 0 0 0 0 0 0 0 0 0 0 0 0 0 0 0 0 0 0 0 0 0 0 0 0 0 0 0 0 0 0 0 0 0 0 0 0 0 0 0 0 0 0 0 0 0 0 0 0 0 0 0 0 0 0 0 0 0 0 0 0 0 0 0 0 0 0 0 0 0 0 0 0 0 0 0 0 0 0 0 0 0 0 0 0 0 0 0 0 0 0 0 0 0 0 0 0 0 0 0 0 0 0 0 0 0 0 0 0 0 0 0 0 0 0 0 0 7 1 3 5 8 6 4 2 1 1 1 1 0 0 0 0 0 0 0 0 0 0 0 0 
0 0 0 0 0 0 0 0 0 0 0 0 0 0 0 0 0 0 0 0 0 0 0 0 0 0 0 0 0 0 0 0 0 0 0 0 0 0 0 0 0 0 0 0 0 0 0 0 0 0 0 0 0 0 0 0 0 0 0 0 0 0 0 0 0 0 0 0 0 0 0 0 0 0 0 0 0 0 0 0 0 0 0 0 0 0 0 0 0 0 0 0 0 0 0 0 0 0 0 0 0 0 0 0 0 0 0 0 0 0 0 0 0 0 0 0 0 0 0 0 0 0 0 0 0 0 0 0 0 0 0 0 0 0 0 0 0 0 0 0 0 0 0 0 0 0 0 0 0 0 0 0 0 0 0 0 0 0 0 0 0 0 0 0 0 0 0 0 0 0 0 0 0 0 0 0 0 0 0 0 0 0 0 0 0 0 1 1 4 8 11 9 6 3 2 2 1 1 0 0 0 0 1 1 0 0 0 0 0 0 
0 0 0 0 0 0 0 0 0 0 0 0 0 0 0 0 0 0 0 0 0 0 0 0 0 0 0 0 0 0 0 0 0 0 0 0 0 0 0 0 0 0 0 0 0 0 0 0 0 0 0 0 0 0 0 0 0 0 0 0 0 0 0 0 0 0 0 0 0 0 0 0 0 0 0 0 0 0 0 0 0 0 0 0 0 0 0 0 0 0 0 0 0 0 0 0 0 0 0 0 0 0 0 0 0 0 0 0 0 0 0 0 0 0 0 0 0 0 0 0 0 0 0 0 0 0 0 0 0 0 0 0 0 0 0 0 0 0 0 0 0 0 0 0 0 0 0 0 0 0 0 0 0 0 0 0 0 0 0 0 0 0 0 0 0 0 0 0 0 0 0 0 0 0 0 0 0 0 0 0 0 0 0 0 0 0 1 1 4 6 8 6 4 2 2 2 1 1 1 0 0 1 1 1 1 0 0 0 0 0 
0 0 0 0 0 0 0 0 0 0 0 0 0 0 0 0 0 0 0 0 0 0 0 0 0 0 0 0 0 0 0 0 0 0 0 0 0 0 0 0 0 0 0 0 0 0 0 0 0 0 0 0 0 0 0 0 0 0 0 0 0 0 0 0 0 0 0 0 0 0 0 0 0 0 0 0 0 0 0 0 0 0 0 0 0 0 0 0 0 0 0 0 0 0 0 0 0 0 0 0 0 0 0 0 0 0 0 0 0 0 0 0 0 0 0 0 0 0 0 0 0 0 0 0 0 0 0 0 0 0 0 0 0 0 0 0 0 0 0 0 0 0 0 0 0 0 0 0 0 0 0 0 0 0 0 0 0 0 0 0 0 0 0 0 0 0 0 0 0 0 0 0 0 0 0 0 0 0 0 0 0 0 0 0 0 0 0 0 0 4 4 3 2 1 1 1 1 1 1 0 1 2 2 2 2 1 0 0 0 0 
0 0 0 0 0 0 0 0 0 0 0 0 0 0 0 0 0 0 0 0 0 0 0 0 0 0 0 0 0 0 0 0 0 0 0 0 0 0 0 0 0 0 0 0 0 0 0 0 0 0 0 0 0 0 0 0 0 0 0 0 0 0 0 0 0 0 0 0 0 0 0 0 0 0 0 0 0 0 0 0 0 0 0 0 0 0 0 0 0 0 0 0 0 0 0 0 0 0 0 0 0 0 0 0 0 0 0 0 0 0 0 0 0 0 0 0 0 0 0 0 0 0 0 0 0 0 0 0 0 0 0 0 0 0 0 0 0 0 0 0 0 0 0 0 0 0 0 0 0 0 0 0 0 0 0 0 0 0 0 0 0 0 0 0 0 0 0 0 0 0 0 0 0 0 0 0 0 0 0 0 0 0 0 0 0 0 0 0 0 1 1 1 1 1 1 1 1 1 1 1 1 2 3 2 2 1 1 0 0 0 
0 0 0 0 0 0 0 0 0 0 0 0 0 0 0 0 0 0 0 0 0 0 0 0 0 0 0 0 0 0 0 0 0 0 0 0 0 0 0 0 0 0 0 0 0 0 0 0 0 0 0 0 0 0 0 0 0 0 0 0 0 0 0 0 0 0 0 0 0 0 0 0 0 0 0 0 0 0 0 0 0 0 0 0 0 0 0 0 0 0 0 0 0 0 0 0 0 0 0 0 0 0 0 0 0 0 0 0 0 0 0 0 0 0 0 0 0 0 0 0 0 0 0 0 0 0 0 0 0 0 0 0 0 0 0 0 0 0 0 0 0 0 0 0 0 0 0 0 0 0 0 0 0 0 0 0 0 0 0 0 0 0 0 0 0 0 0 0 0 0 0 0 0 0 0 0 0 0 0 0 0 0 0 0 0 0 0 0 0 1 1 1 1 1 1 1 1 1 1 0 1 1 2 2 1 1 1 0 0 0 
0 0 0 0 0 0 0 0 0 0 0 0 0 0 0 0 0 0 0 0 0 0 0 0 0 0 0 0 0 0 0 0 0 0 0 0 0 0 0 0 0 0 0 0 0 0 0 0 0 0 0 0 0 0 0 0 0 0 0 0 0 0 0 0 0 0 0 0 0 0 0 0 0 0 0 0 0 0 0 0 0 0 0 0 0 0 0 0 0 0 0 0 0 0 0 0 0 0 0 0 0 0 0 0 0 0 0 0 0 0 0 0 0 0 0 0 0 0 0 0 0 0 0 0 0 0 0 0 0 0 0 0 0 0 0 0 0 0 0 0 0 0 0 0 0 0 0 0 0 0 0 0 0 0 0 0 0 0 0 0 0 0 0 0 0 0 0 0 0 0 0 0 0 0 0 0 0 0 0 0 0 0 0 0 0 0 0 0 0 0 0 0 0 0 0 0 0 0 0 0 0 1 1 1 1 1 0 0 0 0 
0 0 0 0 0 0 0 0 0 0 0 0 0 0 0 0 0 0 0 0 0 0 0 0 0 0 0 0 0 0 0 0 0 0 0 0 0 0 0 0 0 0 0 0 0 0 0 0 0 0 0 0 0 0 0 0 0 0 0 0 0 0 0 0 0 0 0 0 0 0 0 0 0 0 0 0 0 0 0 0 0 0 0 0 0 0 0 0 0 0 0 0 0 0 0 0 0 0 0 0 0 0 0 0 0 0 0 0 0 0 0 0 0 0 0 0 0 0 0 0 0 0 0 0 0 0 0 0 0 0 0 0 0 0 0 0 0 0 0 0 0 0 0 0 0 0 0 0 0 0 0 0 0 0 0 0 0 0 0 0 0 0 0 0 0 0 0 0 0 0 0 0 0 0 0 0 0 0 0 0 0 0 0 0 0 0 0 0 0 0 0 0 0 0 0 0 0 0 0 0 0 0 0 0 0 0 0 0 0 0 
0 0 0 0 0 0 0 0 0 0 0 0 0 0 0 0 0 0 0 0 0 0 0 0 0 0 0 0 0 0 0 0 0 0 0 0 0 0 0 0 0 0 0 0 0 0 0 0 0 0 0 0 0 0 0 0 0 0 0 0 0 0 0 0 0 0 0 0 0 0 0 0 0 0 0 0 0 0 0 0 0 0 0 0 0 0 0 0 0 0 0 0 0 0 0 0 0 0 0 0 0 0 0 0 0 0 0 0 0 0 0 0 0 0 0 0 0 0 0 0 0 0 0 0 0 0 0 0 0 0 0 0 0 0 0 0 0 0 0 0 0 0 0 0 0 0 0 0 0 0 0 0 0 0 0 0 0 0 0 0 0 0 0 0 0 0 0 0 0 0 0 0 0 0 0 0 0 0 0 0 0 0 0 0 0 0 0 0 0 0 0 0 0 0 0 0 0 0 0 0 0 0 0 0 0 0 0 0 0 0 
